3961
7174
8273
11670
27777
10629
2839
23267
28291
3836
32717
33466
4626
5867
11734
21955
22816
25014
7575
25308
1326
7984
14859
22281
12022
11155
5413
27214
29255
19733
27123
31592
20731
12768
27375
6000
15845
18340
29997
30301
32491
9090
15549
22926
28309
14529
959
7794
22661
29680
15157
33702
11317
14874
16024
16932
27580
32607
1839
5674
7144
9179
12664
20607
26820
9423
14782
17702
2992
12094
16461
9862
25495
13482
15902
18900
22963
15308
31397
1075
5468
11806
16606
18855
9529
16368
14292
25866
14481
16210
27849
32949
16514
23917
8380
20274
5577
15759
21212
28481
30628
1216
25939
9527
30251
450
8902
24433
30910
7173
13607
18347
25928
23962
25597
5531
8841
19877
13701
21556
1934
6149
16241
28853
10689
3422
13978
18047
19441
989
4208
15083
17413
18523
24557
26136
14071
14126
21886
30345
21052
11425
15606
9754
10893
28641
23893
2716
6510
7353
7875
10229
13934
2555
7497
10163
22866
2649
4763
9116
18722
24427
28062
11159
12030
23768
30597
10052
10789
12660
19111
1808
3739
22250
26439
3687
4466
5487
7119
18514
18931
20830
12934
32931
6664
26690
20949
6778
20096
21246
133
12484
13628
19511
5829
23216
2705
2725
7336
34084
9052
15634
29935
5649
2565
6595
12120
25826
28792
6401
8866
15579
14669
22430
28867
31082
33860
18213
18902
22657
31678
7374
14232
15301
30748
25805
21189
11247
17000
33717
30055
8881
21349
27852
31201
33243
5036
10430
14225
22979
33436
1942
6744
31907
1246
1588
4544
4860
20884
1236
3968
12915
31873
10406
5868
14087
17109
20349
30898
33628
16644
18616
26780
28297
29642
19684
3565
7684
14810
15535
18952
22353
31508
31806
32444
5988
2121
4009
9346
13371
18833
19675
21764
22488
33364
896
5893
9615
27181
32713
33516
4934
5385
18608
27763
14962
20457
25362
33631
17729
9182
20318
24292
2186
33068
14827
5445
17409
12978
24572
10195
19880
20927
26709
32297
33386
12845
13881
21112
24347
11514
33331
8187
15360
29327
33269
18178
11238
18610
9281
14973
23661
27382
6491
9962
12029
14018
14570
15495
18541
20311
20716
24523
29162
14478
18768
14247
8644
2088
14318
23965
33216
12114
4269
12938
19370
29645
2676
9200
9241
13071
19287
20697
26017
26392
3697
32270
17884
25431
29820
15641
6710
6872
14548
2008
23110
10070
13509
14642
15086
16966
5485
7913
9547
18702
25871
31408
5307
9198
14045
34247
29775
32467
17210
12621
23625
27460
22574
22980
1966
3472
6477
6507
14492
21626
27060
28911
33577
11744
12429
20424
19467
19505
20652
24878
25374
3266
18578
23770
2289
15137
26115
4785
2506
33632
16372
5194
11349
11550
14310
19610
21785
23346
32984
33143
15127
16152
24510
8284
1481
13072
14476
2677
10041
11784
4067
13711
16954
12488
13784
14328
18051
13569
21129
23432
2050
6128
8337
10005
9279
27426
6257
16769
20420
25894
934
1893
9246
13882
14414
24315
33492
346
4685
10004
14854
28831
28491
31038
12786
22193
27632
30688
34150
32338
11025
27434
28994
18081
5166
12455
14253
18233
18294
21506
26249
26307
29759
6050
11191
12023
13901
17047
22270
4683
14090
13012
17014
21530
32269
10036
15463
20635
29568
5312
8136
88
11374
16001
26517
1892
28199
11608
23144
23639
33755
31581
31883
7385
12814
15087
20523
26148
32054
2926
13425
15386
16716
17424
21417
22074
10795
33776
13374
21465
23004
9887
12837
22054
22226
15450
28728
10269
18571
19451
23986
26406
825
8822
11949
12899
19528
21864
33028
10222
7658
11731
14722
15215
15457
24259
29878
1144
9184
16519
17112
23397
25862
27810
10971
873
17867
18716
22422
26020
27301
30323
9918
11870
18019
34019
4600
6572
6906
11929
17621
29316
32100
33384
11053
15972
20007
19023
20917
24413
25147
31465
2247
5333
26023
21722
21941
24633
30882
32464
278
17553
21245
24736
27669
30959
31268
10302
17463
25392
26503
30946
11137
12972
14613
28215
4437
7747
25267
15353
21109
9177
15966
19419
28478
13930
21171
14167
25727
26088
4770
5549
14764
19274
25249
3388
524
15896
31245
26689
29829
4499
15569
20147
30584
32646
8862
6152
15299
25731
6231
9250
15962
16260
22946
1109
6839
7899
10424
11379
12191
8495
18675
19450
28730
31797
4157
7581
14215
18298
8166
194
24198
28563
5235
7421
26266
21720
27306
27968
28233
30588
31101
352
8699
8786
17778
32413
9487
25917
16530
31412
3981
12111
16080
11109
22371
30845
31739
30937
14908
30634
1258
7020
8149
8428
12779
16220
22906
3091
16009
21896
24342
27129
2691
29904
33046
10086
18503
33847
33745
34251
3216
9389
14639
18871
1674
7522
9358
9398
14001
19342
22318
24525
25084
19855
29763
30619
5595
34148
4131
14892
16237
8874
22111
13975
636
1281
1497
15776
21186
23927
25468
1510
10345
13457
17725
22135
27727
28315
27623
33532
33873
34240
1240
9673
11166
12833
13996
21153
21985
24702
25583
28756
29531
30617
32987
6114
10973
12869
16282
23871
31235
31543
31789
473
3640
8888
19910
22365
4417
7208
7883
23922
18146
34207
30756
15537
10183
28713
33328
23773
23531
9825
22900
24056
25721
28585
34225
4885
25620
9396
22833
28258
30865
33582
2060
27140
24264
28130
5271
13289
14907
23174
33000
2523
4194
30532
4590
25476
15999
10298
11075
17060
5246
7528
7746
7941
12616
15081
17273
28741
32817
2045
6327
17619
25689
28277
3871
1047
5562
13230
16871
19244
22308
25429
27749
29873
31234
31668
33575
12654
6099
7490
8668
1593
16781
18780
18825
4585
5637
8305
9497
34217
11688
25990
27190
7305
14078
14321
15312
24752
26905
31188
1490
16249
11617
13570
23047
24801
16559
31757
32448
7849
11961
18097
20143
22087
22576
24710
949
3462
21102
33129
20304
3397
7329
11480
14534
20384
20298
24828
30687
12264
15598
24840
1862
33917
5190
11471
13335
15078
16253
20009
19082
20308
22585
28388
29288
1500
5698
10663
16790
20072
21801
22960
24883
28865
3847
4646
5755
6047
7246
19318
13695
17298
18730
21333
29441
15560
17988
3765
16517
17494
18640
22743
29529
10209
16353
22219
24615
31204
4881
12310
17016
23031
29538
1717
4375
4991
7411
11199
14783
16796
17819
18052
3998
4324
12886
16363
21657
22342
33646
13806
7447
8140
10937
33126
21939
695
33262
8769
24751
31459
15599
14357
16276
2668
3341
10759
26845
26939
33085
4333
7232
7257
8473
14793
16991
17174
17325
17910
32360
2584
13644
13674
16191
34160
7689
26659
2488
4472
4935
7714
30508
30130
16189
21226
10090
3611
8846
10076
24329
26185
31558
5197
7162
25195
2221
31028
33239
1375
10038
29031
33433
28616
1345
25246
14264
8470
1738
7048
14171
27716
30706
1668
6591
7150
30396
15944
17090
19168
20512
30279
30982
4605
5610
6596
13835
14785
17285
18862
1556
3419
14490
15025
16711
25346
28740
15908
16211
18759
22683
27333
27581
31874
19576
11875
23463
26105
1021
11510
15617
18636
19077
20722
4530
9365
11138
17395
28725
33137
33250
3297
19266
13533
8457
15837
18018
20027
18157
20824
29539
4238
8663
13367
20549
21897
31213
34081
5078
16109
28675
4332
7917
10108
10283
11951
19826
26885
28519
3446
13851
23840
25958
27895
33169
3293
11724
13781
14450
20665
31988
375
17274
17330
17648
19414
24961
34149
1728
6376
24549
25288
6542
10952
11486
25877
26389
4489
27250
28947
1169
1604
8973
9460
11230
12967
16780
26358
28657
28717
8570
603
2777
3588
8508
11101
11140
12867
21218
27086
8535
9749
11962
12243
12639
14072
18552
23264
29066
33464
3187
3948
9567
21088
21706
25114
30647
7256
3477
19086
24755
31976
624
4814
12634
21609
28619
28674
31046
9378
10139
11034
19066
27624
9
2331
5883
15645
15949
17374
23292
27472
7361
30191
5499
10292
23674
30912
7094
14801
18319
19913
1903
3741
16452
16764
28766
1874
24327
28077
20717
9427
5023
9952
13858
4497
22598
23964
1165
1557
10228
10975
13176
13612
27251
27991
33716
2068
4285
11838
26331
16435
17466
18190
22334
30497
7819
9376
22538
27392
33218
2020
5240
8271
11903
14358
20603
21693
23891
18266
975
4538
11014
31919
6049
9540
21996
2958
5635
18153
24037
25339
2321
21259
10848
31507
1559
4936
8113
18123
19463
22765
25033
29476
30593
34008
6435
7141
19473
19480
7136
27286
3350
8290
12106
11830
18596
34224
32419
1204
14688
17099
10724
25247
33596
6553
14097
18373
19946
27331
29582
12966
32748
10721
16261
24544
32596
12467
13153
13753
15977
25018
5659
6007
6661
12684
18336
23723
26661
122
13103
15024
17900
20914
21149
23289
29170
29731
34208
4805
15926
3206
27059
31401
31474
6733
14797
27267
30002
5980
6921
8066
13098
21388
21567
14977
23836
24716
1918
11917
22744
25158
27948
29786
681
34130
4916
6276
12027
15136
9087
16841
16939
21910
28341
29426
5766
8087
19228
13519
17077
31334
33984
13225
5722
8176
8046
15851
16688
5813
4815
9293
25359
27192
16875
34202
2306
8236
8806
20624
9681
22466
23080
5537
25845
28320
19192
15141
18334
22487
25132
8074
9008
12012
13513
17064
15396
20874
26549
29385
560
12314
18632
7189
31385
23842
32755
33929
3636
4896
6451
7568
12748
2117
16190
34
2938
3620
3724
5920
10963
14142
16257
23938
24612
24667
25947
28901
29509
6136
29094
5533
4656
8737
16520
20481
24582
31712
32280
930
7253
15994
11205
18694
18939
21623
27449
32216
33833
10685
12110
12490
17295
26999
10717
31453
31885
34161
3841
10633
18223
18976
19204
848
28948
3478
13869
16026
19449
227
2028
8364
12962
13542
14220
15921
18760
25525
3770
8421
9199
9596
10248
20329
26522
5186
12248
20451
23071
25120
26765
33996
23276
2029
12283
6521
9225
6337
13020
14279
14773
17153
20191
19374
32511
33597
3750
4853
6701
7015
10549
14082
15957
21665
27802
9166
2147
27695
30542
530
3876
4199
6087
18387
10802
30875
27586
4385
17007
8059
19216
20898
29143
22437
30339
30738
31863
17032
24111
25530
28330
21021
5889
8746
8761
16615
18399
19233
20409
22291
23382
3107
4574
8064
15709
30890
28092
1211
11042
14683
15045
21620
9612
5223
6732
8700
13144
14204
17136
22037
30063
22893
27172
29493
32812
33300
13503
24985
28962
1579
3718
4633
17943
23790
27024
31669
33279
1867
13293
30698
17183
9042
27467
28727
30911
31361
1547
4394
13099
24489
5294
893
24113
28701
30759
223
2445
3002
5527
13377
19456
20758
19616
33616
21475
23637
24356
24493
8368
4488
7118
14624
14655
14832
19577
20761
22815
23345
33381
1730
9397
12447
18573
21909
5916
24472
3688
12710
17714
10550
22842
26642
27619
1377
10226
32356
15894
31371
1329
2405
3122
7816
17199
23456
28589
30180
32026
917
2825
10374
12614
12703
15722
16104
18215
17631
26796
28931
2923
33487
12540
16694
22398
26649
27050
15295
19390
23538
9916
16310
31024
5665
6937
29910
20907
27745
33877
769
3176
7738
12135
30320
18838
20579
22346
23914
28884
876
3621
14265
22667
28083
33572
4907
5638
11770
14077
21228
26138
29472
30502
3591
5933
14833
33322
6084
25003
10560
20594
29460
30273
12492
9193
27138
20313
21241
26643
25532
9107
11302
15723
31218
32890
33961
34132
2007
10923
12004
12280
28347
28704
1062
1126
8521
12787
22231
4946
23593
29347
21566
9598
16536
16079
25157
25234
25943
31700
12964
13052
14316
24154
26179
16441
32729
11551
15288
20088
27866
30955
32024
679
11953
24023
5548
1128
4955
6563
9081
10947
19797
26446
1486
4216
20853
6138
34194
836
21775
2624
8451
16042
16264
28070
28542
7149
9000
30467
32765
33292
3333
7759
12126
12645
19818
21964
24247
26891
27773
33983
351
9493
27667
30061
3431
9387
31265
3288
5081
19391
2710
15925
17895
860
2038
4182
6232
8404
11537
15398
23092
25168
30278
33349
5583
9407
16806
22936
11152
24480
9453
23801
461
11067
13287
14568
16905
17264
27568
3457
26196
5858
8531
16680
19118
11058
25685
28274
551
4370
7835
8893
14338
15206
29741
701
28795
17601
422
8633
13067
26581
27163
29034
11169
8072
16685
20086
23222
25659
26608
6657
9996
22139
17737
20612
23575
27648
31674
5757
9296
21209
22945
28212
31106
31857
1008
5671
6534
10886
21034
24937
25681
29141
12011
12973
13916
15799
15924
16678
17287
23227
4563
25776
2423
3006
27662
3679
5168
12859
16184
19229
23326
24463
25797
25881
4820
1706
28769
8900
15725
22640
28129
4836
14749
15030
16399
7046
24511
32892
171
19136
8929
9628
8437
14163
27874
3754
7735
8950
21644
23655
26955
781
12410
14130
17450
26067
29061
32569
25428
19490
21624
1177
23266
5114
8047
15916
18884
3966
33440
113
752
9770
14878
17950
28747
8336
10457
14842
17797
18472
22461
147
5474
6897
12774
13022
12979
21948
29053
29601
29720
29737
31413
4947
9844
13541
13990
25568
28253
29461
30208
33862
1173
18545
10110
12771
13196
21188
28325
27322
34068
7949
17402
22222
22868
2587
25935
213
5295
17454
18585
18649
21409
23336
2758
25812
26476
27184
2631
11893
12816
2448
3153
3572
7857
12251
14600
14325
21184
26034
26075
10974
20257
2683
6741
11240
7881
13903
18620
26822
27811
29145
3260
9439
10140
10884
14313
22771
33089
21812
11844
18851
20878
456
27017
256
15922
20973
22019
27083
29814
6789
16813
19723
25330
26097
29733
13497
9760
7734
1814
29093
33511
7235
13035
19014
19281
23247
23525
8036
28864
9576
10992
17908
27034
27121
11184
1897
14519
21597
22794
30575
14935
31604
13937
19565
20944
3930
31078
17699
9366
10854
30861
17999
26736
646
2835
5262
8983
19016
21771
1337
21618
33030
10839
6515
8055
8991
11829
12885
16036
22950
7397
26874
18045
28835
3161
7332
14903
27334
33301
294
21385
23692
26011
29474
5310
6800
13192
5061
4782
8601
19388
21885
23892
27783
28228
28834
33718
4976
7805
25052
14311
29221
14150
21639
22497
26341
33159
33255
22129
32211
29149
1766
3501
10359
27482
28833
29011
29480
31759
32874
3645
4809
5594
8876
11585
21768
25849
6199
10989
12720
25563
31665
11888
2662
9499
11095
12591
24112
27551
32966
2167
2627
7274
9329
23307
3311
11641
3839
13702
16230
27377
27705
30637
16408
2473
8045
29883
12952
25900
28611
2486
6093
10810
14969
16439
20840
22665
27020
31491
13395
22311
22662
27313
9837
31969
10417
11767
17302
3696
25984
26865
33820
5329
8894
16655
32414
25002
613
1197
3692
7788
31237
4346
5712
6408
9879
11969
12364
15399
23411
25172
31948
1198
4439
21231
10332
14348
15221
17484
25215
5749
9132
13506
23057
19921
21095
24567
33785
2082
2126
6168
9119
14830
24167
7628
11752
19431
20965
23534
32825
32740
961
2073
17868
21087
31366
8005
15586
23179
23640
28661
29431
30366
1088
3842
6368
15536
14333
3484
26362
30098
31402
97
1753
5227
13267
14147
21622
25078
28379
29128
31341
1590
2737
30410
13873
16646
18217
20934
23758
28211
1248
29050
6301
10783
27813
8763
14421
25283
18560
8286
28166
28648
2781
3992
12841
16218
17328
661
3988
22206
23204
23880
25424
28360
29567
13893
30440
9911
10389
11416
14932
15693
15947
17673
20469
21736
21283
29336
30064
33562
2862
11292
21176
21444
24069
25908
30559
31316
33230
4041
6632
12530
14510
16960
23374
1949
72
2376
12400
26287
4011
6385
13183
20137
27987
32198
28300
2079
4543
16777
28078
23270
28515
6358
575
17881
12722
17304
21164
27154
12054
12726
15791
21348
26968
27985
28171
30295
30570
7031
6343
15991
21006
29006
33422
8247
12578
22536
24451
27955
119
2978
3280
17156
22018
1681
13668
8358
28058
16074
31479
32941
52
538
15341
16778
22952
29677
50
2125
8553
15243
17190
17519
20800
22914
22170
25873
15043
19024
30392
33450
33890
11395
5777
14049
15596
21655
6112
23540
32525
32910
12791
18085
19532
24296
30058
32595
34125
3418
2510
3531
17470
25060
8423
16627
804
6071
18995
29575
11482
15426
16442
18030
25365
20066
33505
8466
12053
14506
15310
19333
29161
32352
4044
7078
13170
1978
20351
23620
25619
25959
27226
28123
32766
33982
1805
3823
33590
4276
9824
15446
15574
32588
12196
28055
19230
27310
909
7288
17524
22065
31121
880
26108
4450
11221
20620
26366
30952
32563
2572
11442
21580
24699
25714
18090
3345
3646
7647
10179
14958
20213
21225
31936
7833
12586
15843
22009
28876
29661
31556
32847
1924
5101
9416
12895
12953
18879
4081
4595
6427
12830
13216
15721
18256
19351
20036
23239
27965
11107
2426
4722
16672
20275
4737
32494
5121
23956
13810
24903
31260
32027
505
17609
19541
23541
27080
7781
30292
14741
6211
26064
26692
33238
34082
4110
6117
7839
10126
10536
11847
12296
13507
15558
24373
23542
27993
5350
622
2474
2828
7068
8474
9049
15332
15836
13526
29005
32835
4799
20306
274
5156
8720
12292
8119
8649
16693
21656
22107
23979
1271
17320
185
16475
27520
27640
28807
33053
28883
4565
9434
11681
13345
22079
23409
24398
25450
510
9907
11529
29364
1694
21341
21627
22808
25855
31205
5495
6913
12599
4051
8711
12115
24614
25270
26175
26603
26882
28591
6495
7878
18951
26719
27651
31497
33015
33978
13776
21428
22294
22357
24163
25884
27174
3120
4106
9876
10341
10860
15071
441
26299
9169
12087
12670
8436
20738
2686
3011
10665
13875
27850
28494
33635
22364
6545
7757
7848
23807
6704
8883
16018
18704
20184
27348
33694
8051
23152
33327
19503
22050
25364
8411
11819
3171
25696
1731
6040
9137
13654
16245
21192
26466
32556
32483
1166
1219
1882
8681
12643
20297
18847
33552
33578
23741
27287
27708
4635
8096
19672
19679
32614
1844
3795
4343
30255
30265
11316
11427
12815
26021
31998
32266
32299
2446
12565
16837
34002
3152
11883
11980
18548
25708
26171
26448
4555
342
390
6309
6139
11108
8771
3657
20028
1338
2035
9291
14427
24910
31378
33424
7408
8335
11825
14094
13207
29691
7683
9877
13611
19424
23894
27062
28694
2323
15166
4087
8220
8523
19158
33533
11272
12391
20166
21863
22395
25618
25700
29809
432
846
6958
8959
14861
21371
30141
31777
2718
3405
4120
8557
28010
31128
33828
8552
10765
901
1639
2982
7821
14945
22048
24476
28139
3307
5365
6455
9425
9589
19575
19650
24764
31624
521
2770
6176
14620
15607
17560
23681
28970
32346
2218
5021
11444
14377
16221
23869
30270
31758
5150
31616
8729
17840
21697
23386
27346
27478
10857
10326
15051
16278
17151
24497
16783
34016
5409
15778
4511
5657
12146
9047
24564
34220
4203
11721
7975
15748
16244
18607
17043
3877
4253
5604
8910
16132
8662
27111
33172
33925
373
5985
7615
7969
12485
14245
34234
14250
5776
6526
6833
8512
8899
10729
14866
17397
18137
13593
20332
21051
23401
28826
2332
4629
9106
16513
20418
26197
27103
30234
34230
12497
15453
29923
25305
21783
4965
30501
30873
30904
19360
20815
32888
1228
8744
29652
30289
29010
6787
9658
18015
22241
24750
32875
11450
4479
10252
11346
21317
3406
31036
1625
7752
14248
16484
20021
22141
22348
23926
1622
2707
3340
5202
21457
14158
31185
19037
30007
29700
1495
6273
14660
11172
28496
24805
8524
26832
4103
14549
20696
24405
32066
25159
30086
33939
6058
10223
16330
18257
20669
24810
17214
17230
20255
28721
32810
33245
33272
17220
6754
13243
20327
20440
20657
23100
28871
31160
3806
9571
13778
16913
30167
1175
13200
10198
16350
9309
23344
25602
29625
1351
2130
13350
19949
22582
22723
23722
27256
28371
31510
32292
7203
15233
21636
25773
1347
33653
8010
10953
1059
12790
14921
20992
26133
31827
28334
34123
862
14027
19544
22284
30082
9768
15213
17719
4362
26356
18788
22462
26776
30406
32248
1132
9564
19997
22550
24725
27147
5238
9028
14816
19288
3538
33561
14496
2602
5198
7856
10063
13631
16285
21877
23762
27511
10
239
7013
974
6826
2766
5596
8610
13095
11813
17926
25554
26729
29940
33260
797
2457
3625
13081
16773
19171
21066
29643
17076
1676
1912
3282
6691
9775
15124
17342
29936
7533
564
9871
31464
31621
32640
14050
6993
140
27454
21217
25013
25349
29057
30608
2300
11763
12976
23777
29090
30288
3475
5621
9071
18422
29961
31583
32407
4139
21026
14425
29302
12969
10877
21572
25442
25837
28368
33809
34118
4734
6796
6983
11879
29319
32804
1605
3940
7035
17225
19718
25206
27220
30318
827
12131
3867
23462
21174
31008
33615
444
3044
5129
9980
20709
26919
33123
2237
9010
16433
18922
16631
27445
28660
31251
2489
14714
23563
12896
21517
2051
2924
6304
7559
10259
11331
11971
12266
17066
20208
20686
24635
27269
30294
32704
666
2475
2611
9637
17535
20105
20120
9889
29571
30312
31345
1937
6736
14432
19462
27137
33392
8093
12495
12503
20411
20434
23675
26393
29070
33470
293
2129
2348
24088
15099
15644
33173
328
1106
7139
14314
18425
23197
21789
30956
10023
11911
12141
25854
20879
27707
4121
8598
1669
17023
19725
22731
10551
32644
1916
7434
12579
20476
22781
33474
733
5620
10577
10898
15846
18826
22581
23666
28969
18973
2092
7942
8616
11823
13340
13669
14173
18361
21278
21590
22947
307
1350
3616
3938
8673
25459
21684
31534
5958
7566
12940
22028
374
2717
29970
12581
13325
21884
19324
20703
23590
32278
1610
5644
16767
24130
25124
5228
1237
17695
6499
14395
18379
24880
31793
32735
1082
2794
5629
10531
11251
20847
28417
32098
32597
33413
10813
16114
17998
23594
28662
7981
19550
20553
21817
23628
26282
32546
18720
4844
7362
12695
17461
6532
18609
21512
22733
23486
23635
10092
25576
28377
30308
31514
18322
32939
9414
10750
19554
19670
22673
30362
31744
33919
241
7400
13047
20902
23231
29667
1249
17633
5477
8315
20379
24588
29655
4330
4295
8414
12416
13888
16652
18918
23614
27356
5400
2599
7702
12050
20780
22409
29106
438
28920
5795
8202
10094
18145
21793
28406
29328
31896
3593
2070
13946
15265
15892
20366
21966
29413
6460
13479
13622
18808
6953
11111
14511
14873
17529
18189
19931
21490
23450
29561
8775
15653
27863
18281
32690
1209
13091
18109
9729
24634
5377
9032
15491
22987
26050
27366
28561
29424
29845
32782
11264
21838
16005
6870
8142
10511
30986
17934
19017
20158
31876
10300
33486
31494
659
1032
2278
3258
4519
11887
16326
18118
23769
26114
26816
4545
27321
28964
33483
30482
16861
2744
4231
5763
12632
16554
27158
30774
19790
15581
28891
29249
30071
33900
34200
4116
4218
4447
6893
14942
18177
26139
32972
6355
8587
22420
28207
29815
31557
333
23627
4919
6035
12272
16012
16910
21585
21654
23196
22632
22887
26170
26386
33326
33642
2675
4407
5907
11126
14101
20764
24238
24602
31322
32649
1975
2263
14006
14067
22709
21082
21293
32082
32122
32732
5436
8393
23943
27582
6910
9139
21281
986
2144
4541
29412
17916
8799
8880
8944
9180
14632
19916
28778
31177
942
1276
7425
8488
10128
11995
13512
14767
30558
33277
34170
5142
23175
9938
14330
17351
17856
22298
24445
24907
25232
25411
28631
29331
191
4779
17588
17650
28568
31818
1402
5368
6217
7009
10024
17318
22607
33527
14812
20642
29856
25452
27415
169
1462
2273
3377
4604
4887
4731
13517
25961
26472
27712
29639
11465
14312
15897
19001
29487
30239
2166
22392
8240
9211
9861
11817
13024
26493
20778
7113
28345
29489
29562
30079
958
3569
10234
15888
18439
26996
28338
33651
421
3351
5404
14567
19589
20058
22677
24575
30381
16252
19090
21023
22766
28134
30652
2574
12574
13768
15769
27486
29320
33020
10670
27666
32721
27421
1361
4676
16068
20403
24236
27788
30493
345
554
4070
4642
5748
11753
14275
21708
23934
32572
27319
4733
5364
12212
24374
26524
5
30012
17310
23671
20915
23142
24028
12365
498
11564
14179
15029
15548
16572
20753
31978
32958
4351
5582
25111
33303
7146
11797
21392
18857
22190
24207
28210
8222
14675
11248
16297
16532
18746
20468
20771
23550
31031
12686
561
3962
4066
10044
11040
13054
17176
15719
25993
3929
5450
7476
12902
15294
32829
33985
1745
20940
4533
5902
6493
13061
14530
14596
28808
17706
3580
7383
8640
9661
10589
12470
17614
27047
27317
29486
3140
12402
3487
15933
34147
32008
15956
23074
9239
2698
2848
5481
6362
6804
6841
18317
24777
34048
9456
18020
19149
19434
20429
21495
24816
28119
30498
32586
4058
4821
11467
12730
19526
16816
22429
25020
30635
1987
6516
12034
15165
25624
21145
26808
29001
29640
32859
2155
5370
8731
12257
18225
94
20762
27105
31829
33998
2623
22496
14398
19611
21433
27093
10880
31192
11417
8792
9623
15756
16137
20466
20981
24396
30878
5501
9745
15683
17029
18509
23245
26852
7960
6842
9134
12894
18353
22228
27947
3111
11163
23504
24665
28733
1087
2245
440
12543
15362
23337
27202
33574
1129
10335
11197
18849
21965
24134
24712
26984
6486
6985
1499
11737
12185
15044
21403
21829
6290
7454
14412
21616
91
4941
10651
33118
26040
20398
24939
2890
6618
9573
15585
16630
1856
19122
24577
33955
7577
10124
16384
12002
16404
20310
21917
25744
29282
31727
14439
17915
19112
18858
26971
24926
28312
7494
17432
18706
28664
32860
33337
3175
11203
12537
22992
26898
2759
6574
19819
20199
22051
15820
17575
19777
22844
27903
29071
33602
16565
7512
9262
9539
13555
14700
16288
17956
18312
18398
22072
22272
22871
24106
28974
60
15811
9920
32698
593
2728
10460
12422
14208
20501
23205
23737
23751
31198
9641
30206
14474
9584
13697
14063
15647
23447
28187
12628
17576
21634
30632
33317
2732
6794
10496
13255
15755
812
28299
6531
8030
14441
19482
20049
24192
28113
7286
25051
16283
17228
23904
25946
32895
2209
4234
4336
7489
10912
12494
22377
23067
6462
13073
19720
22186
5937
33540
16343
3128
3693
10061
12058
26691
6359
33198
3400
6634
7017
9041
20067
32229
32707
32574
7184
17314
18351
18658
23430
28162
33949
29228
12134
23017
26838
32392
32637
11212
12679
13717
14002
19446
25443
25675
4892
28968
34253
29900
15967
16808
33273
1963
10081
19857
17372
17483
18941
24410
29637
6792
3997
10178
7674
14542
15415
17689
19040
22086
28625
3716
30412
32747
34167
34184
20819
27025
1288
28696
8796
9470
18237
19043
21497
25174
32658
32774
10547
14934
15822
21772
22026
34111
14
2228
6415
10780
25754
26248
32240
10095
20744
21312
22109
24100
25143
25747
26591
28499
28482
391
3010
4751
30806
12764
14984
19255
21625
22580
31059
1699
3235
6410
14546
29279
30826
1813
3508
5652
9280
13715
17610
25092
29824
2538
6126
7134
8016
14662
23754
21792
29595
29746
3851
4099
23793
25047
27261
27409
27515
6169
25149
10166
10360
25655
22769
31728
28473
2724
10948
18839
28071
1283
7815
7818
32476
9417
21727
23985
29230
6568
26501
11993
16704
19817
26617
27867
28702
30818
3699
11999
17266
22966
31841
32321
2286
2866
2896
17876
7292
10978
14628
16334
21958
22546
25950
27318
29522
32863
1782
2322
824
15589
17791
18748
22751
25293
28797
32454
33836
690
2570
3849
6023
7925
10911
16111
19897
22859
25865
31302
33116
5376
7950
11027
20963
29696
34231
11100
13999
15077
28013
30973
5769
14794
15461
6673
12778
15323
15393
21555
21766
4865
10808
14436
14762
16432
17279
23427
23959
1067
6102
14239
17527
9528
30388
31240
5390
11760
2037
12403
14987
20453
20810
27634
1048
2532
3722
4639
6307
12571
11011
18966
9919
29458
340
18586
19796
22183
26437
3522
6317
13757
21743
23140
24104
26870
28938
33601
33916
1253
2701
2947
12753
14994
17766
22362
33176
30640
1855
2501
6739
7170
8784
15148
25578
25628
15983
28286
29869
99
20233
30404
32706
7940
10649
12517
13610
21604
21190
29152
29987
24066
9986
10779
17305
26959
33307
3204
33161
9091
13515
15411
20920
20948
24261
31318
6246
9298
13925
15447
18180
18988
3261
3889
7384
9605
11573
11674
13735
17237
27512
28344
28708
1632
4619
4660
10160
22453
23783
24199
27741
12255
22059
17580
2156
23467
27065
11310
2505
4314
5837
10197
13759
15779
11084
29898
33449
8211
9977
31970
23291
26404
26602
30686
30749
31574
1566
5192
15698
20532
29205
29301
32470
4653
6135
20370
24958
647
2536
20450
30638
31652
32622
18934
5572
10190
11239
19371
19714
23358
24222
32715
2056
2157
18428
24682
24704
29056
32965
15038
16834
18326
28240
29168
11647
5408
7426
9488
10246
14202
14302
18466
31472
31802
4026
34163
8278
10386
14789
6845
22813
28904
29002
6645
10507
17113
21601
24265
33682
5591
12711
13258
13554
14526
22220
3607
18831
12546
14729
16584
1647
32792
11186
16955
19603
24563
33512
2659
10772
11236
11650
14597
16823
3827
24012
25292
30856
28111
28292
32223
10891
11905
19334
21196
24226
27004
27585
11201
31130
263
15893
5805
10994
11791
14075
33888
19547
29126
14524
15315
20822
21027
22103
28294
30327
12539
7836
27194
10497
3934
33385
14014
31278
31383
34174
4068
9471
10040
12176
15010
17743
21486
23660
30664
1810
1921
1981
3781
5702
6161
12018
13802
19740
23966
31488
9340
13495
15383
22921
25086
27547
22189
22586
28310
1114
4886
26348
15636
15764
30355
17045
24986
21679
31111
31781
29377
11131
12947
18226
16829
5617
15091
6166
27896
30403
30768
31567
33016
1842
3265
4587
8624
13117
18987
25194
33654
2408
5832
8656
1684
10534
10823
15133
27679
30932
32726
583
5383
9381
10945
31910
23203
23839
24817
29668
465
6931
9367
13462
16292
20163
22389
23772
30876
5943
11229
15525
22227
16697
16876
17977
18710
19923
20359
20679
28108
4097
275
5789
6681
12396
15711
17061
13496
24470
25498
28783
32390
4864
2548
13713
24590
16542
20146
23555
21232
30211
21930
24996
26233
26530
32189
34015
33535
337
696
3469
4142
5957
7467
11631
12109
15375
18461
26051
32048
765
4135
5378
1705
12858
18903
21920
23921
28386
33758
1637
10672
12521
13386
23685
31796
1673
4078
10369
12458
25233
24509
31243
31367
33589
4082
4904
5559
5636
6443
6457
7317
15815
19915
29189
7668
10522
11898
22907
31906
1391
4280
4589
6621
7028
11375
15423
16481
16629
24160
28256
28529
29323
30059
2918
4953
9535
9945
13832
15488
32243
33879
5878
24938
26456
28584
23406
4265
5782
15618
21614
24484
24613
26710
30476
18581
5927
16591
25166
26134
27677
32258
2823
5062
6351
25329
28455
5626
31126
31551
3040
605
25804
5374
12737
20119
21741
23334
23969
32507
34018
4057
6653
7637
7721
16989
18192
32872
764
24681
11473
12319
18454
32598
2772
29716
10818
14251
17116
21039
28432
2782
8386
11768
13860
15467
17196
18032
18133
23154
19865
23015
29528
29740
31156
32311
3610
4990
6705
7906
10850
22856
5558
588
6288
9337
11958
13956
20953
23495
30554
27253
2044
6680
12067
27683
9385
18518
24731
32730
1174
1516
9708
13573
29044
396
8858
32738
15286
15732
19393
31825
23137
32055
32516
32934
1463
10402
3667
17746
19025
24001
24313
25549
25575
26696
28560
28875
15153
15003
15850
17581
5966
23188
28249
32153
7423
12827
18471
22768
30751
1113
334
19966
27064
31262
10833
1322
2703
2834
4155
7409
7973
10888
13449
16819
19328
24039
25038
27431
32092
10703
1473
7680
24179
9585
14738
27069
32423
30399
2634
2925
5117
11660
14747
26794
2257
9482
2330
9167
5518
8628
11370
12200
13558
18202
19677
21487
24047
11284
3858
12740
9082
12155
12590
30789
17749
32409
9660
10764
13358
16647
31297
32079
10393
10941
11227
11281
9140
21144
1711
7221
8745
13131
26946
32587
15660
22899
31968
3577
3603
4760
12244
17129
32401
32405
12691
20967
21108
7262
1729
23435
10288
11966
12178
18570
21024
29968
3597
11762
13028
14778
19030
20615
25875
28158
34198
3536
4754
6009
12080
19485
23356
27323
8309
8789
10792
21538
24234
24928
10776
5514
6860
9588
12308
18465
24235
24586
2244
13575
29432
16306
17277
19549
27977
30754
471
11555
17261
10775
28983
32581
33513
3238
14122
8208
15011
1703
8977
12608
18001
19126
21350
23351
29465
6503
4830
11703
17509
21154
24424
24693
3199
6010
15603
19499
22443
22548
26956
26678
28597
29467
29826
29946
33652
5575
8264
15749
17864
27376
9120
23698
20025
18348
18521
29324
11105
14106
17324
26589
27514
28820
31934
32451
1264
8571
17846
19812
26191
29363
1366
2154
2251
3852
5265
9763
7968
18393
24688
22560
30135
30709
33202
1533
6955
9597
17480
23465
25289
27649
30902
24
5219
6538
12073
13737
15145
16284
16979
22432
23037
26416
28461
17248
31963
33906
34223
1880
3180
16197
22140
14415
25302
26672
3310
7090
8645
11941
13266
16518
17241
16963
23515
23623
24600
2048
11815
12377
25449
16961
18758
21061
22692
16933
34029
1929
6188
6916
8102
18516
8430
11243
11373
20957
25258
25985
27200
347
2308
3629
4458
1751
21215
23819
18397
18660
28329
33122
7938
11508
14068
19858
21148
22131
1950
2196
4996
8724
8939
9563
9998
11185
19103
21858
24863
27935
28755
3488
1210
11036
11287
13813
18121
21360
5332
24362
25080
25515
29291
31788
33298
716
1744
10981
18769
23811
24949
28909
32006
33091
3078
16471
19745
26766
26814
26893
31660
6315
7142
7596
7599
10931
28546
30227
32376
492
3905
6153
7388
11391
15080
22181
26952
27824
2123
2961
9181
11790
12493
20129
24814
23753
22091
30907
978
22840
24453
32249
32871
33704
5773
7010
8001
9454
27440
30590
16695
23113
24738
29060
32501
10773
3117
5819
6917
8287
11449
13070
26419
27800
168
1740
4281
9866
12448
24439
24475
30379
17288
5754
11340
15726
18359
19308
20106
22891
23791
26065
31347
32309
13627
4148
6013
6224
7407
12107
12961
18478
19110
25348
31850
34064
1121
5207
6711
7525
15197
16985
18094
18686
28476
30555
11422
4535
7287
7586
13337
14454
17711
18358
23909
24031
13782
30092
33793
34110
2293
3064
14495
26805
22257
1080
2561
6643
14367
32183
32799
33443
34007
822
1877
10280
10171
17525
3761
23713
26405
29369
32795
33112
3158
32222
20102
21809
23028
23726
24967
31496
26810
8831
9146
2607
16311
18682
4682
30530
5306
33079
22985
3106
10576
16811
24107
30451
7151
2508
21981
8755
27000
27806
33761
31442
2194
10553
13349
16539
31972
14404
22558
31425
33765
602
5255
16911
20400
20655
21969
24298
29037
29831
30568
9188
10955
33573
7854
13347
15872
18782
19495
29633
1474
3103
4630
4970
6206
18066
18337
18830
19415
31313
3387
9080
10433
12108
13068
18467
24732
27291
2447
3181
4003
11190
19619
19662
28452
32141
2761
11200
24534
29445
289
7038
8625
15297
20427
31001
32571
2845
9882
17272
17526
22424
3801
12218
513
7076
19185
6941
8551
11406
21545
21702
27963
28949
31321
229
6856
10820
12646
14060
8275
17512
17696
3203
21050
23029
26268
28763
15255
3179
8344
7517
20574
22022
24483
25614
1155
3502
6403
7780
9506
12974
20253
24040
31180
33332
11459
2394
14374
16803
10647
23887
31901
8134
9701
20459
23136
17721
1372
11263
16034
16174
18392
19940
20358
29847
11716
19512
22553
22803
2436
7238
17149
19594
811
32430
31824
14736
18617
22690
32244
25870
12348
16422
22003
31280
4616
8081
7588
12482
12533
27487
487
4395
9109
20295
25150
32125
33142
1304
18977
584
30613
31861
1724
12995
18527
28899
3912
892
2680
10702
29938
13074
15031
26035
26158
26459
2537
5949
8938
14523
19729
24162
24886
28047
497
686
2252
5707
6041
6081
8483
9372
13592
20909
24379
10949
19648
27071
32469
33560
4954
6129
5935
14623
31191
33853
10265
11549
10327
20562
24414
28788
6662
32166
33306
5704
6159
9839
15824
20705
27484
27627
27980
32886
33676
1864
8496
12930
15542
17750
19854
15139
22779
24145
24770
25774
17760
4959
19376
14216
17627
17724
4302
14737
18285
16684
32807
5781
2413
17777
19336
28081
32754
652
3708
7650
8544
12671
22597
15862
21247
21922
23714
1404
3780
7060
11723
13145
9040
21014
25090
31308
32020
33008
805
7943
10412
16535
20383
20943
28059
29778
30088
30197
7140
9970
11945
22742
25205
30720
32923
9674
14703
14844
17048
23368
27535
30457
32744
3523
33360
24278
27473
32680
33100
4444
13396
12889
19571
20956
32316
4318
8579
16611
20265
27209
6042
6492
8227
16860
19661
26330
33525
2065
5358
6384
6873
11940
23151
26410
4474
27378
5113
6998
7248
14776
20202
20730
25723
30949
33537
4627
4713
12611
8921
22556
33641
1231
2635
6329
18603
19769
8034
27633
28809
282
17707
8805
8980
10984
11083
17224
24849
28509
31647
31701
34219
389
64
2911
3105
8389
11625
15259
18100
22563
33045
33151
4323
6085
6091
8811
9521
14967
17890
18982
26703
24009
24601
30925
33446
2552
2967
6977
12655
9455
12006
19365
12119
29890
31167
31961
33871
2806
6533
9350
11218
12195
17406
17754
17944
23040
25117
25637
1136
1394
8948
9175
11544
11964
15369
18525
23385
653
1700
4306
8429
8857
9243
14281
15627
26527
28617
30525
463
735
8917
18978
14066
16008
17918
33167
3526
8915
13116
3813
25607
13898
21199
27242
28337
31211
31755
7911
9991
21748
23940
26484
27523
33515
32130
3084
6459
11215
13295
13632
16010
20611
29857
33271
13571
22472
22783
2986
6687
8189
10285
12268
15106
15223
1635
19154
32395
3866
4237
4440
31193
9149
9336
12103
23558
24773
24855
25066
31288
2388
8549
17464
21687
26262
28703
29115
4506
24260
25366
25706
26992
2585
4755
18388
14493
27830
16636
14868
31181
21672
22144
23514
28136
29375
31711
32388
4649
8246
8530
14410
15064
21369
28403
28670
30370
30916
4364
6281
10920
14780
19253
25198
28559
29491
29909
29994
301
2058
13032
9906
10569
11479
11979
13120
15794
21483
22032
22654
32411
33410
11690
5250
19123
24340
30050
31060
31206
33709
6764
14588
16279
21595
24149
24454
25319
27386
11572
30448
33185
3228
4686
4800
13483
20599
30733
12844
7473
7504
10339
2379
16472
17184
19039
20024
23178
4767
2397
12642
9235
13013
15422
25726
19559
20402
32421
895
2175
4388
8800
8923
28816
20171
25948
27211
30548
32306
2393
5328
7004
21389
956
3897
10103
11944
18709
9504
23744
25202
26296
3314
9459
26943
27986
24758
31620
160
991
1229
27700
20485
27571
32989
270
5677
9964
14580
22625
30304
30780
7444
9638
13500
17991
22166
25427
27264
28551
27981
33610
12392
30801
14847
15870
24941
34171
27249
29134
5373
9159
11773
31077
18274
18491
20783
32575
2854
14023
1573
30241
32052
1765
2817
3993
12330
19580
20974
32057
5317
8886
12560
13938
18414
26073
26343
22030
29666
32353
32928
466
11751
4636
5092
8733
17157
25592
28261
30133
13
30397
19929
26797
29003
2078
2999
957
7578
16003
24651
32998
34145
905
1879
13928
14283
17046
19691
26614
30242
32530
23648
6282
11901
19889
21836
632
1487
13393
7059
11781
14711
9275
580
25622
28072
31083
33944
1926
2733
5268
7008
13939
16753
18193
24677
25126
22561
33544
34154
4278
17774
4827
7737
3409
14807
30846
20772
24368
2644
4608
9322
14515
21571
33489
14309
28844
18810
13051
2897
3856
20540
23258
8583
10543
17360
18624
21867
30190
13568
33102
33182
3270
4495
18221
18744
24364
27423
21953
5512
10152
13443
17985
19199
20721
23923
27263
29150
6436
8043
9187
12883
14657
15686
21808
22507
28155
18495
5346
11171
10264
15702
16836
22562
26091
28065
33367
9621
8757
14759
14851
31217
17545
25666
29087
32091
32282
4061
7449
10705
18549
26694
29488
32283
33484
6280
11534
24101
26018
30437
1400
15885
19325
28363
6923
9030
9817
12129
19160
20626
21678
29887
33261
547
3633
15046
20155
21787
22618
24645
24998
33603
512
18492
2425
2511
15890
17582
18434
19068
20221
22529
30179
21328
20775
28328
31091
2655
2669
15950
19847
26411
28269
926
6982
13534
16116
20272
21744
22078
31023
31461
3509
1592
5073
7503
8341
11926
18974
23501
24214
24642
277
2562
5340
22977
33763
6125
13653
15184
15864
23369
28572
32074
1863
5919
6950
9613
22145
28910
30950
4665
5642
5730
9384
15055
24647
24857
29209
29996
3210
7617
10491
13629
15658
29430
30113
31330
7571
7935
10449
31653
13746
17344
18944
24387
25930
6620
962
21407
5275
6155
9161
9787
11828
16145
18067
68
22917
28109
32083
33054
7914
13712
17720
18873
28765
28759
6465
7334
9812
14922
32889
24929
25632
27419
29229
29556
4492
9890
13118
13159
14375
14697
16378
21584
24953
27329
31228
33972
5532
8965
16641
21117
22194
27882
2756
32919
6724
19292
13113
15489
15520
19493
21274
16882
6857
11299
11497
17391
19311
24026
4522
29727
31565
34099
8692
9215
9531
31455
21031
27092
27964
132
20480
4113
7264
7892
9294
18437
20016
20595
21140
2305
8098
12751
29653
923
3909
11050
14891
17957
18147
20802
176
8604
10009
10275
12993
13127
16540
16732
17472
24201
19773
22400
23952
31005
32926
537
11833
18357
31973
32086
1529
1482
8274
11052
11282
3331
18277
26727
26815
25820
1697
5059
7739
12327
14912
20376
21916
25357
2151
17975
21318
21842
5685
14127
19218
33011
34072
11568
11576
13090
13321
20300
21934
24064
24407
25915
29216
30371
33559
2461
3417
6772
8014
15754
16066
17451
18430
21161
27550
27975
30491
12206
13682
16782
27405
27839
4598
14545
16351
16625
17498
8209
25757
28009
1561
6894
11648
13647
17030
30350
18597
16094
16099
18131
18601
22876
23091
27748
21933
32918
11319
34053
2709
5172
10762
23792
29016
3547
29712
9543
8520
8963
15256
16664
22343
12832
20108
27531
29466
30447
31299
31329
31707
31996
1190
1384
16886
31084
34010
3635
4943
10815
14157
20563
31317
9155
10289
13252
13982
16522
19640
24611
25324
25360
26177
26381
31422
32691
3368
8212
8727
9744
12968
15240
17844
10777
20419
24537
27934
28714
648
2542
14105
15007
18003
18619
26418
29545
34229
100
388
5956
10861
14369
21319
23487
26278
29984
31949
17101
8502
9537
13650
26520
27343
30753
27546
31487
32042
32080
13166
17823
21213
21605
24715
27803
32121
457
1163
19054
11884
14916
3537
33024
1111
10516
11423
13037
15760
21799
25686
28061
31673
32252
2010
2830
3207
5660
6976
7307
9476
15345
13992
18339
18324
22081
24175
22846
24116
25040
11285
33186
3609
4196
6966
15349
27784
2150
4246
10758
11134
14042
19715
19890
20862
21675
23508
23998
28977
29129
30968
36
13868
8366
8352
21750
23252
23789
25303
26708
33439
3952
5552
17019
1104
20157
21191
21236
23908
29747
32515
1970
5716
6713
19317
22521
27461
27996
31856
5136
9338
10133
10479
32045
3347
26922
11093
11733
12188
2600
19369
21574
22476
4156
10207
12331
13661
14192
16944
12656
14707
15063
22354
22570
29022
29217
32168
16997
14694
16745
10982
12874
12982
20860
