19
25872
38645
9
25874
25906
12921
38898
38650
14
12925
15
12927
38654
12931
3
23
24
29633
38664
25891
25893
12949
12950
37
38674
25900
38678
38679
26095
25905
10
12960
25908
12964
38686
5522
306
55
56
38689
12972
12973
25877
12974
36494
38690
25919
25920
38695
45148
25924
28178
12983
71
12987
74
77
12991
28056
81
82
22812
85
50467
38718
90
38723
13005
44982
38727
25957
13009
25958
584
605
38731
40757
111
13022
13025
17269
45157
13031
13033
25973
13034
123
125
36501
26561
48336
25981
13040
19381
38750
13042
131
765
19382
138
13047
49493
13051
144
25999
27439
38766
38767
13058
13060
13061
13062
26011
13066
155
36506
26019
26020
7592
13069
13070
164
8290
166
38789
26029
13082
168
26031
26035
38797
38798
26038
38800
182
38805
38806
26911
26045
26919
38810
3685
26048
189
13097
38812
26050
192
38816
13101
1153
26056
13104
13105
13106
35921
1183
26063
38823
204
6461
38826
1207
38828
38829
38831
27065
13119
13120
214
13124
36515
13126
13128
13130
6468
1303
38842
6704
15112
38847
27165
227
228
4295
13143
2196
26093
38856
38858
233
13148
236
237
26097
27250
38865
38866
15117
247
1448
38871
32682
253
38874
256
26116
13166
38881
38883
26118
26120
38884
13171
26121
19461
38891
27413
27427
26133
32973
277
38903
13193
13194
13195
13196
13197
26141
1652
13199
38909
13201
27529
13203
296
26150
38915
3315
300
51571
38917
27583
38919
37006
305
26160
13215
1763
38925
313
1780
38927
315
316
318
36533
13224
323
1851
328
329
16140
38943
38945
34458
25627
38950
26188
36537
13245
38956
13247
28101
6493
23766
13253
13254
13260
46927
26208
38974
38975
364
38979
26213
38982
369
38984
13281
376
28041
13283
378
38990
26233
26235
381
68
28087
17311
385
39005
26248
26249
2267
45167
392
393
26255
39012
18359
26257
26258
39016
13309
28221
16117
39021
29454
26266
28252
13318
39028
39029
28276
416
418
13325
28303
28307
2071
26278
20997
49542
428
19624
13335
26290
35320
13339
437
13345
39044
13347
2513
49025
26298
13350
39047
39049
26302
2541
13355
2554
39052
39053
33147
50697
26308
20401
28472
13360
32384
2615
39061
13369
39064
42982
464
26327
39069
26331
13376
38185
39074
40805
473
474
13381
26338
39080
18059
18598
26347
39084
26349
482
483
484
22857
13393
26353
10794
2796
29818
24765
491
26357
26359
2826
495
1967
39096
39097
26366
26368
10790
13413
503
504
13415
34482
25299
512
39108
26379
13424
13425
39113
6564
26384
39116
26389
518
39120
520
39123
26392
13440
39126
39358
528
531
39131
534
13447
11763
39134
28789
537
28980
3120
26406
541
39142
543
39144
39145
38461
545
26410
13463
31257
22590
39159
551
26422
554
558
31336
13471
42999
561
29111
26431
13476
39167
29131
12549
565
26436
39172
26441
39178
39180
15305
572
26448
573
22303
2254
26452
29222
580
29240
39187
39188
12754
26459
3735
46095
9320
589
595
39199
598
39200
30597
39204
13511
45235
41030
28141
26473
49578
26474
611
39212
10818
26476
13525
28819
26477
26478
617
13528
621
39220
13530
39221
11418
13532
626
26486
26487
629
26490
39228
15178
39235
26498
640
39236
39237
29598
32407
26500
643
39239
645
26504
47429
648
29634
650
13558
13559
13560
26512
39250
13565
657
39258
13569
13570
26525
26526
3828
39260
13576
13462
23544
13580
26534
29816
29822
676
678
26539
39276
26542
26943
39283
13596
687
39285
49588
39287
40842
16987
29921
39291
25975
13610
13611
39294
3973
1401
39299
26557
13618
713
49386
43024
13621
5838
717
26562
26563
26564
39315
39317
725
4164
27238
730
39324
39325
39327
735
39329
26580
739
13645
17363
13648
39338
743
26587
13651
20337
746
4272
749
752
30204
30283
756
22674
30243
26599
761
13664
17369
766
13667
10484
45284
26606
13676
4456
39375
26617
39379
26618
26619
21169
13689
30394
26623
39387
11521
13696
26630
13700
41293
4581
4594
39398
27680
39403
39404
13708
810
13709
26637
26638
13712
17379
39414
37785
13715
821
26654
13718
38749
827
39423
26657
13722
832
39426
1280
39430
839
840
39432
4824
13733
39435
26672
842
7646
843
844
26677
13741
26680
30760
39446
30796
15047
13751
26691
39454
13757
13758
862
4963
30851
864
13763
39460
26702
22256
871
13772
2730
26707
879
13782
13783
885
887
39477
13788
892
23827
40243
897
898
6580
39481
5159
26726
26728
25685
900
26730
39490
5205
4012
5226
910
911
13815
914
13817
915
5268
13820
13821
26747
922
26749
31210
31220
159
39520
26756
26757
13835
26761
13836
39526
5430
39536
13846
13847
39539
946
31365
39542
26777
950
951
952
13851
39545
26780
3568
958
13856
28875
26789
39558
2319
26794
13860
10870
22936
26798
26799
968
26803
26805
973
5635
39578
26808
13880
26811
13881
13883
13884
985
39586
26813
17415
26814
26816
39592
5755
13890
41878
18549
5784
1000
39601
1004
13896
1005
1006
5815
26834
26835
26838
38795
16675
39613
26850
26851
13703
15242
1021
26854
1024
10877
1025
26860
32035
1027
17420
47495
13926
26864
31905
39640
1041
39642
6063
6071
13940
39648
13942
6110
39653
31193
28203
26888
13955
13956
1068
13957
26297
26896
1070
13961
10888
26900
185
32112
39669
6229
13967
13968
13969
26909
1083
2099
1086
1088
21685
6306
1094
6316
1300
44711
1098
26924
32227
1101
26932
13986
188
47510
6396
1107
13992
1112
39705
13996
32312
6445
26940
1115
39712
14001
26942
20780
32350
39723
1124
39724
23869
14010
8775
39729
14017
6563
28567
39736
14022
6589
1138
26960
32464
1140
39741
6606
2349
4458
26967
14032
1142
1144
26976
39749
14036
1148
14038
14040
36664
26983
39765
15757
1162
1164
1165
14056
14058
1168
1169
1172
14065
1173
14066
36670
14068
14069
1175
1320
27008
14075
34078
27013
6872
14078
39789
39790
1182
1184
48123
1185
27020
27021
14084
40926
28614
27026
39799
14092
27034
27035
4469
24958
1196
39803
1198
43661
14102
39808
32927
32946
13112
27046
27048
1209
27049
14115
7110
39819
209
39431
39821
27053
7151
14124
1219
27058
1223
33057
39836
39838
24798
49690
7237
1233
1236
15286
25673
191
39843
27074
1242
1243
1244
27077
39847
18845
1246
1248
1249
30534
1251
27086
34604
27090
8799
27092
7380
14157
14158
1261
29806
1264
1265
39863
217
27100
27101
1270
27103
14170
27104
9703
1284
1286
14184
39882
27112
14185
39883
39884
39886
17465
36162
30624
14189
14190
27122
39893
2378
7590
27130
46065
1306
15428
27135
9155
39908
14206
13133
44656
14210
27145
39920
27148
28218
1326
39921
39924
39926
1334
14227
14229
27159
14231
8811
1339
33694
45329
1680
27167
14243
14244
2382
1344
27172
7877
45358
14249
14250
27177
14254
33798
14256
1358
14260
14263
39965
14267
27189
27191
18500
27196
27198
14272
14274
27202
27205
14278
14280
39981
39982
8071
27210
47564
14285
30551
1388
39988
14288
33978
27215
27216
39992
1394
27220
27223
40001
14303
26096
43155
21545
14306
40011
34109
14311
8271
27247
1412
27249
27251
27252
27253
40023
30229
14322
40024
14325
8348
14327
14328
14329
40031
4507
40034
27265
40035
1423
14335
1426
27269
34145
40040
40041
27275
14340
14341
14342
8451
40043
1438
40046
4165
8467
1443
36938
14351
8504
40052
40053
14356
47665
14358
27286
248
47784
14362
14363
1453
14366
27294
27295
6899
1467
13161
14378
8664
1475
27306
1476
43170
34498
23940
27313
2778
30403
27319
4518
27320
25485
27322
40090
14394
44367
1493
14399
14401
27329
38880
14404
40098
50058
1500
40105
1502
14413
1504
1508
41799
40114
27351
40116
14421
1519
40118
34802
1525
40123
14429
40124
40125
40126
27363
40127
10968
34848
40130
27368
9061
40135
8847
1535
40137
27376
14439
14440
40141
9113
40143
27381
27382
1547
40149
1551
49746
34995
27392
14463
14465
40164
27400
27401
11276
50278
14471
14474
27410
35092
38893
35105
40080
1574
1575
40181
27419
40184
40187
14488
14489
40189
35181
24697
1588
27428
27431
40197
14499
27435
40200
275
40201
27438
27443
1597
1598
27444
27445
1600
14515
14516
1607
40211
40212
46501
1612
1615
2426
1617
9559
27464
9563
1620
27466
40219
27468
14528
1622
27471
9619
1630
27477
35455
27478
40234
40235
1635
1636
1637
42558
1639
1640
1641
6707
9699
1645
1648
27492
14556
1651
27495
1653
40252
35572
40256
14564
40260
40262
1659
40264
14569
27503
40265
40266
26145
9842
14573
8491
14575
27513
40271
14578
40273
9876
27517
40276
1677
38911
14584
27521
14587
9930
1685
45095
10994
40284
1690
14596
2437
1693
19864
38913
1694
14600
27540
27541
1698
35821
24855
2958
14608
6719
40307
27558
43215
1713
27559
40309
23984
14613
12526
1719
27565
27774
40317
10174
14624
27572
14628
27575
32579
40327
27581
14636
40332
14639
14643
40336
1738
40338
27594
40340
1742
14654
40343
1748
42641
1750
10382
27604
36146
27606
40353
40355
14670
27609
1757
14671
27612
16800
14677
36211
40362
40363
1766
27618
10467
40365
12000
27624
1771
27625
6729
10532
1777
40376
1779
14697
40380
36324
40382
27635
14703
40385
14116
14706
13220
31199
27644
14709
14710
27645
40394
32596
36395
1793
14711
1795
42731
1797
14720
40410
41029
1808
27658
1809
40414
28946
14729
40417
40419
18148
1817
1818
27670
14745
27676
10837
40428
1826
27683
1828
40433
40434
1834
43223
27689
1837
27693
3947
1844
40444
14775
40446
35576
14777
27703
1850
30645
1772
1855
14786
47646
1857
40455
14791
27724
14795
27727
40466
11099
40467
14801
14802
36887
40470
1871
14805
1876
40474
1880
40478
27738
27739
17197
40479
40480
27745
27749
14813
1893
1894
40487
27756
14822
40492
1902
14825
14827
4884
14829
50186
40500
14832
11384
28368
14839
40514
27772
40517
14843
8710
1924
49811
28369
40524
27776
14849
40529
14852
14854
40532
40535
16408
40540
24021
27796
40546
14868
14869
27805
14874
20613
14875
18547
36812
27817
40562
27819
49821
22479
14882
27822
14884
40568
1974
1975
1976
30509
14894
40575
27836
30510
27837
15028
37563
27839
1986
37585
14902
14903
1989
1990
41059
1993
14910
11877
40593
40598
21899
1997
27857
27860
37704
2005
11969
2007
27866
14928
11989
14931
7632
27874
24037
28385
27880
14940
37812
2022
8929
14943
21082
37489
7000
27890
37865
27893
14946
24040
12142
35337
8930
40628
40629
14952
27901
14955
40632
37926
40635
41344
14962
14965
2039
14966
37959
14969
2043
14973
27913
14976
27918
23171
38041
14986
40651
2054
40654
27934
41076
14991
12341
14994
2062
4270
14998
38119
40662
15003
27945
5302
40670
19145
2076
27951
2078
15012
30971
27957
12517
40679
27963
2087
27965
12554
2094
40686
2097
38322
40692
27983
40695
15037
40696
40697
2105
27986
436
2110
2112
40704
38400
49391
27995
27996
13473
2120
28004
28005
35580
2128
40718
34756
28012
28013
15055
9459
15056
40728
38521
2142
38528
2145
11080
28024
2153
38581
28030
40735
386
40738
12873
40740
28040
40743
15080
28046
40745
15084
15086
8954
28052
25990
379
28055
12994
15094
28057
38464
13016
15098
28063
28064
40760
28067
40765
2186
2187
40768
46469
28074
15105
2191
40769
15108
28078
32241
13144
15116
28086
15120
15122
15123
15125
2207
40780
40782
40783
15130
32663
13238
2215
2216
2217
15133
15134
40788
15137
36508
28106
40797
35084
13329
15144
2228
40799
15147
11095
15153
13378
28118
2239
15156
15158
2245
15160
28124
15163
40814
40815
40819
22642
15168
15169
2255
2256
28138
24078
2259
2263
15176
28144
40832
28148
40833
15378
15180
40838
15184
2273
40839
391
15188
2278
40845
15197
15200
28162
2283
7610
28165
2287
2288
2289
15152
2293
40858
2295
15210
15214
13734
14223
2301
40870
28181
15217
15218
2304
15220
24086
43310
28186
28187
2311
1007
15227
8982
28199
40888
15233
1988
8145
15236
2323
40892
40894
48149
19643
1983
25700
39639
7200
13950
3995
15252
2335
2336
2337
15258
44519
11117
39735
15269
40916
2351
39754
45511
40925
2355
39802
40928
2359
40932
45514
28243
40935
28244
28247
39848
28253
41849
2377
15299
28261
28263
7382
40950
15306
15307
18996
15310
15311
28270
39974
13321
15316
15317
15318
43502
40960
40964
14321
15324
17637
15327
2396
28292
40976
40896
28298
15335
28301
15338
2415
2416
2417
15344
14484
40995
28315
2425
28318
28319
28320
34804
29642
28327
15358
40267
41008
40277
15363
15365
28333
28334
28335
41017
2445
26352
28345
28349
14678
40373
2449
15490
14724
15387
28357
15391
15394
2998
41036
41037
25546
36905
2467
28364
28365
13337
4401
41512
2473
14838
15408
41048
15412
45538
15417
28379
14914
41062
28383
41066
19862
15077
28388
15429
41074
2499
28391
41080
28395
28398
2507
41086
41087
41088
30184
2509
15440
41091
15442
2511
43333
22900
41093
15446
28408
15450
28414
15457
42960
15459
15460
45548
46419
28420
46528
2530
28421
41111
49925
40877
28429
15471
28432
15474
2540
2542
17660
2544
28436
15479
15481
21981
28439
15326
28440
41125
2579
41126
41127
2559
41128
41027
2565
38788
41132
41133
28459
25149
41142
28465
15499
15501
28468
15503
15504
41148
15509
15510
41161
17631
28477
15515
41158
2590
41160
15520
15564
28483
15524
2593
28485
41165
28487
41243
28489
15635
28493
41320
28500
2617
2622
18839
41400
47791
41404
36937
15555
28514
2629
11177
2633
15835
13108
41495
2636
28523
46816
28526
41205
2640
27648
15573
15574
15577
41213
28529
2645
15581
28534
32745
28537
2648
2650
2651
22449
15591
2652
28541
41678
41229
41693
2656
28546
15597
41234
15598
15599
2661
15602
41236
15605
41238
15607
2668
28553
15532
15611
29253
2672
25520
12040
2676
15619
41250
24160
15622
15626
16208
28570
28573
2692
41265
2694
28577
15534
41273
2700
28582
28583
42896
41981
41993
3423
2708
41284
16365
15648
41285
2713
28595
39077
28597
34348
14794
2717
2718
41297
42084
41299
41302
32941
28605
41307
36778
41310
2727
16490
41314
15670
15673
4736
41318
5136
2735
42188
2736
2737
15677
28627
28629
41325
2744
2745
9079
28637
2748
15687
42275
15691
15693
2754
28645
15697
45348
41340
2759
41343
2705
15701
41348
41349
41350
15704
41351
15705
41353
2769
15707
2774
28660
22462
42433
2780
42448
15716
16784
15718
2786
2789
15724
42508
39088
28672
15728
42522
19865
29006
22133
2802
41382
28680
28683
2805
39054
43396
41388
28686
41389
4747
2809
2814
42613
15743
41392
28695
32202
15746
15747
28698
47826
34115
42654
28702
15553
15754
41401
1202
42702
15759
41406
2832
4752
15764
32140
15767
2841
4723
15770
42778
2848
15779
41419
15783
17189
2853
2855
41423
13407
41425
22026
15790
15791
17711
41192
41435
15795
39098
27378
42941
41443
41446
2872
41449
18684
25741
3146
15809
15812
2884
21469
28760
34886
28767
41197
28770
15825
15827
28775
41474
2902
41481
17490
41483
41486
34891
41492
28787
28788
2921
15852
28792
43282
28794
2926
26386
2929
2936
28806
28807
2939
28451
28811
2945
9086
2946
28821
41525
43421
41527
15886
28826
41531
11228
2957
41538
2960
32802
45360
17729
28833
13426
2966
43553
17857
2971
41550
28841
43587
28842
41555
41556
2978
28845
2983
17927
15910
28850
28852
2986
48591
41568
41570
28857
2990
17959
2755
41577
37096
43709
28867
2999
15924
3003
7128
15927
41586
18013
15929
41588
15932
43780
18047
3015
27692
27621
18086
3022
15946
41602
15947
11241
41605
15949
15950
28894
41610
41611
19910
3037
41618
15964
15965
28901
15967
43971
15971
28908
18236
28911
15976
28538
15978
3046
41630
41635
15986
6944
41646
15589
28931
28934
15997
41655
3069
16001
16002
41657
50103
18448
16010
47873
41667
3081
41672
28944
32819
3085
16017
41676
16018
41677
16019
28951
18542
42639
28957
28958
3092
41685
16027
3098
35098
28965
16031
41692
41230
16032
28967
33130
25227
28971
28972
44410
16041
3115
3116
49470
41709
28987
40744
41712
41713
41720
43806
15671
41722
41725
3129
47879
46800
37021
18820
3136
3140
3144
16070
29009
3147
41735
3149
29014
3151
16077
17484
16080
16083
41749
12743
15755
16089
2667
44770
39151
3171
16099
3176
29037
37029
3179
19058
29041
19066
29043
41768
29045
3185
45649
29050
29052
41777
29055
29056
19137
29059
3194
16114
50528
28640
41786
29064
29066
16124
50047
29071
41795
26421
41797
29078
41801
45030
41804
3099
29085
41810
29087
1814
32842
11272
3221
16146
3228
16152
16153
24794
45152
3233
16158
16159
29095
37043
29097
41824
41825
19407
29100
29102
16164
3243
3244
29110
34003
16172
28524
45269
47901
3257
16176
45300
19534
16178
29120
48592
16185
29124
41846
41848
29129
29130
41853
41856
41860
16194
19638
16196
45388
16198
3274
35828
16200
30712
29142
16202
3282
16206
41866
41867
3288
29148
6985
41871
41872
16216
16219
16225
29159
41883
29162
3295
19832
41889
29169
3300
50067
32859
29173
3306
29183
3317
16259
47761
16262
16263
3326
10807
3329
45749
16269
29192
21523
45839
9139
41917
16273
41921
6873
34956
29201
20102
41925
41931
41932
17795
9144
3356
29210
16293
20210
29212
41943
29215
16303
16305
3363
3365
20259
29221
16307
16308
3370
3371
38759
41953
16309
41957
29232
16315
16316
20346
29238
20351
41964
29241
14918
20369
16319
16320
16321
29246
41972
20398
25345
41975
19970
3392
41976
41979
41980
20440
29255
46179
46183
16335
41989
29266
41995
29269
46250
41998
16345
7987
16346
16347
42002
3410
29276
20584
2709
16362
16363
42013
16366
3417
37073
16370
588
24471
16375
16378
42028
29293
42033
42034
2275
42039
50089
42041
20711
16386
16387
16388
15651
3435
29308
42047
29310
20758
47179
2828
46519
42053
3445
3446
42055
29317
29318
42059
3452
14911
3454
42064
3455
42066
29329
14202
29331
29332
16413
41145
37075
16414
3461
3464
3465
3466
42078
42079
3470
42082
20960
46699
27899
16426
16427
42086
29350
29351
29356
20998
29358
42091
29359
3479
3481
16435
3485
15660
3490
29373
3495
29374
13858
21113
3499
3504
3506
4428
16457
48430
16460
42113
46941
39208
29390
20245
3514
3515
3517
3518
16465
29399
42122
42124
30905
29404
16469
47856
42129
3526
47049
29409
29410
29411
29417
29418
16486
16487
42140
47961
42142
42143
3540
3542
42148
29426
50174
47148
16267
30791
42158
16502
16507
16509
42164
16514
16515
21495
11347
29451
30758
42173
21532
21534
17832
42176
42178
3566
3569
42183
29465
42184
42185
42186
3573
16535
3576
29475
16537
3577
42192
3580
42195
42197
21692
21696
42201
16551
16552
10180
42208
34993
29492
29494
42216
37100
3599
42220
624
42222
16565
42225
29504
40463
19837
21830
47597
29509
45654
16572
32826
16574
45735
16575
29519
16576
47697
5797
3625
3626
29530
29531
29534
29535
3632
3633
29538
3636
29540
22022
42259
47835
42263
16601
3644
22161
799
3648
16607
3649
16611
16613
16614
29562
3655
16618
47978
47982
16624
3664
29572
39410
6530
48054
28644
3675
29579
29580
22277
3681
3683
11878
29590
8853
42305
3687
16650
42309
29600
16652
22363
3694
42315
29606
48176
9196
42318
3703
16667
19743
42329
29618
3711
48249
42333
29628
16685
16686
42342
26874
28652
5326
42345
22545
42347
11875
16690
3730
43525
3731
30793
3734
16696
16698
48411
20039
3741
42366
42370
16705
29660
41819
43566
16714
16716
16717
42386
3754
16719
29668
3755
29671
48544
3762
45758
45212
22786
29677
3767
42837
42404
16737
3773
49036
42408
29683
11487
16744
3780
29686
16947
35686
37134
42420
29689
29691
13564
28342
42426
16753
3786
42429
48773
42432
16760
29703
16761
42438
42440
3793
29711
42449
16772
16774
23051
25326
2782
42459
3809
23084
3811
16791
29724
42468
3819
27914
29730
22192
3821
29732
29734
29736
29737
16808
16809
29741
3824
3826
17880
3831
29749
3835
49064
16814
29752
49084
3842
36742
16828
39907
3851
3852
9224
3854
50290
29766
23343
16835
26528
42511
16840
48041
29774
49222
29779
23435
42517
3877
48332
3879
23445
45632
10198
42526
3884
29793
48605
16861
16864
42535
16868
49361
42541
42545
49384
42546
42548
32099
42550
42552
29814
29817
16885
29819
16888
16889
3904
29823
29827
42563
24372
29836
18076
11400
16911
29841
42577
30818
16918
29848
26540
3934
11295
3937
23908
3939
42587
42590
42591
3945
3946
29863
9978
42750
23974
16937
16938
16939
3951
3957
29870
16949
39689
16956
9246
49864
29875
16958
29877
24076
16961
29885
3969
24109
42621
29889
3975
688
35059
42624
3977
43605
29894
24184
3981
3982
29899
50013
16976
29901
42628
9249
42629
16979
3990
42634
42635
2481
16985
29908
41396
16990
29910
4001
29912
4003
4004
17017
24358
29920
42651
17005
42653
17006
17007
42655
4013
29928
4015
17011
29931
4017
4018
50239
50243
17904
17016
4021
4023
42666
42668
17024
4025
17030
29941
42672
42673
17033
29947
42674
42678
704
42680
17041
4043
42685
32863
29961
24601
17047
11664
29965
42695
4061
4064
29973
17064
4067
24706
42704
4073
6120
4074
17073
42712
50576
15154
29991
29992
28441
42723
4088
30000
17919
50679
4093
17096
30009
50719
26559
42734
42735
50783
17104
42741
30016
42745
30018
30113
4102
36310
50795
46608
30022
17113
17114
30025
17120
50857
13624
42759
30030
4114
30033
25079
17132
50909
4129
26568
4135
4137
17139
17143
17144
30047
42777
17147
42781
4148
17153
25230
42788
17154
30055
35087
42793
17161
17164
35088
17169
30061
4169
42805
37206
17173
30071
4176
10120
4178
30075
30077
30080
42816
4183
15781
51201
42819
42820
4186
42822
4187
42825
1225
24425
42833
17195
42835
23724
30093
30096
42842
42845
42846
4862
30110
42851
17204
4209
48073
17210
6012
30120
4221
11454
17216
4230
24432
42871
17222
4236
42872
17224
17225
42875
4241
30143
30144
2860
42880
4244
4245
4247
42884
6570
42888
30156
30161
4253
17242
4255
17244
42900
17247
17248
42903
30171
42907
25887
30175
28741
45846
17259
42915
17263
30180
42918
32005
17267
42920
96
4277
119
22276
17273
17276
42936
158
23601
42943
17280
4291
42950
230
49919
4296
30382
20131
17290
42955
15996
17291
17293
13638
26149
11616
17296
26181
4308
4312
42966
4318
30217
26241
17312
31011
30222
50767
42976
30228
42977
30233
17321
30237
7178
26329
30240
4340
26355
50529
500
42989
26377
30247
30249
30252
762
4354
37650
50256
41453
4362
4365
4366
4367
26488
17350
658
17754
4372
4375
30276
43021
43022
4377
706
715
43025
26577
17362
43030
30282
17367
43033
26601
30286
43037
4395
4397
30294
43040
30296
43043
17381
30299
43046
43047
850
30304
17390
43053
30309
26729
30317
43064
43065
949
4419
43069
4422
17409
26807
17411
979
988
30325
43083
33048
43085
17423
4439
30339
34342
26894
30340
36820
43096
43097
17429
17431
43104
7248
17434
43106
36219
1157
4466
43112
30353
30354
17443
30355
17445
4474
30359
30363
4477
1256
47098
30368
1274
43129
4485
4487
43134
43135
4488
15829
4489
30378
4492
30381
4494
13687
30384
4500
43692
43150
27222
30392
31290
43160
1422
30395
14064
34682
7184
17485
30397
27308
2907
17491
27317
30404
17493
17496
43176
43184
27379
43189
30421
7191
30425
17510
30426
30427
22317
4539
43199
20170
1631
27479
43204
43205
17526
43207
27522
4553
30447
51454
17538
30455
30457
17540
33070
4564
4565
43219
30462
1778
17547
17548
13699
30468
30469
17551
15848
43225
4579
30481
43228
17560
17561
35553
17563
1904
17566
30934
4589
17571
43244
1947
17574
17575
30817
17577
43248
17579
33078
30511
30515
36349
17583
4608
4611
43263
43264
4614
4616
4621
30528
30529
4623
43275
17594
28019
24966
40594
30542
4632
17602
30545
43284
30546
4639
17604
43291
42484
4640
23672
30554
17609
4646
13501
17613
17615
17617
17618
30559
4654
811
43308
43309
4658
17621
2315
17623
17625
30572
30573
17627
17628
28800
43319
28267
43322
40112
4674
6245
30588
43329
4684
43330
4685
43332
17647
30592
4690
24153
4691
13338
17650
42019
2482
50
30599
17655
30603
4699
43346
4701
39868
10276
43349
29268
17664
17668
43361
17674
17677
30625
30626
41778
4726
43733
30629
12085
43375
43377
17688
4730
2706
5081
43382
4734
4735
30638
4738
2747
22649
4741
17695
40221
4744
43395
2940
43397
30647
4750
13719
43400
4224
17709
30648
43405
43406
51612
48638
34619
30651
28762
2906
4769
30658
4774
43416
4776
2935
4780
4781
30660
4783
17727
17728
43422
30662
8514
4787
20188
11409
2985
30666
28518
33110
43436
30677
17748
43441
35143
9303
28943
30683
15940
30686
4806
3106
17755
4807
26665
37312
4812
17760
43457
30693
26666
1786
30698
17768
17770
4819
17771
17773
29082
29090
43468
43470
43471
4833
43476
17783
3281
17785
2502
3292
17787
30717
43487
30720
30721
4848
17794
30726
4851
43496
43497
4853
17801
30731
30732
17803
43755
4858
4860
43504
29282
17808
17809
43511
30743
17811
103
17816
29345
4877
30728
4878
30749
17827
4888
17828
17831
43532
17834
30762
4898
28834
30768
43543
30773
4904
43547
17849
30778
43550
43552
19587
30782
30783
17855
30784
29619
4911
43561
43562
4912
43563
43564
4915
4916
4920
17870
17874
43574
29714
39452
30804
30805
38043
30986
43588
29791
4933
30813
43591
43592
30815
29837
43596
4940
29850
4943
17893
41121
17894
43603
30824
4954
17930
30830
17898
29909
39455
17903
30836
4959
30840
4054
26696
3473
17916
29990
30848
4970
4096
17923
30852
43630
30855
4116
4976
30861
4978
30865
4166
17929
43637
4982
24545
17931
4988
43639
4990
17938
17940
6039
24515
17942
30881
43651
5007
5009
4320
17948
5014
38096
4351
17954
4363
43666
30888
41573
5021
43670
43671
17958
44528
43674
26268
43677
34328
28077
30906
5122
4442
39381
43684
17967
42963
5036
17972
5039
5041
17976
30410
4531
50366
30926
5051
4554
36720
5054
30932
30495
17992
43712
33511
20256
50370
43723
28868
43725
14647
30943
30944
18002
5078
18008
30954
30656
30960
43740
5132
4825
31012
43750
13785
43753
18022
5096
30972
43795
27326
22326
43763
48198
43767
4935
43769
43774
30843
30994
44306
43779
5116
34987
390
31004
18045
26068
5128
18049
38409
18051
18052
22420
43790
18054
47585
15939
36451
5134
30996
18058
43797
5137
5143
11154
46294
43599
31089
5156
31036
39484
35699
5160
20279
37065
31042
18082
18083
43825
22728
43829
31051
8867
18095
18096
31056
5177
39459
5178
5179
18102
43840
31064
5182
31069
43844
5186
43847
43848
5190
43849
5191
35901
5192
5194
43856
41828
31079
39688
5197
31082
37207
43865
43866
50395
43868
3029
18129
5204
5210
3256
5212
5214
43881
31502
31505
34969
5218
50709
31531
43817
11609
5228
18145
18146
20298
5233
5234
31121
31122
43897
5241
31127
42480
18154
31131
5248
18163
31041
31137
18167
31138
5163
43912
5254
31141
5855
31145
43307
43924
31795
31153
18177
5270
31809
43928
5273
15630
18179
19183
31849
18182
22934
18184
31165
13552
18188
5993
5285
18193
31173
31180
31182
43949
31184
26740
18204
35266
15081
15508
5298
31194
5299
5301
31197
43965
5306
5307
5308
5309
31205
15970
18220
18225
32093
43982
5324
32127
18237
18238
31219
5328
31697
32154
6275
5334
3042
18245
31228
31229
6311
37401
18252
31232
18253
5348
44004
18260
18261
48865
18264
44011
6433
44016
44017
41529
44018
31252
18272
31255
7339
39881
44024
44027
18281
51381
31263
18287
18289
34353
5377
18290
5379
18295
18296
31268
5383
31272
18300
15565
5390
49296
31277
44052
18314
44055
44056
18316
1915
33217
7815
44071
31298
44074
44075
6790
18333
5409
18334
18336
44081
31307
5415
24621
31312
44087
5419
18348
44093
41081
31323
18354
44095
5432
31328
31329
44097
5436
32821
5439
5441
44106
5443
31076
32852
18369
5448
32882
18372
18374
5455
31344
31345
18380
31347
18381
44119
5460
7071
32947
32957
11401
44125
5471
18397
43858
2857
31361
42012
7153
18403
18406
18408
44137
23914
7202
5492
44141
31374
18420
44149
7874
44152
43454
44160
18424
33172
11986
31385
5508
44167
31386
22474
18433
26779
18436
5517
31394
31395
44181
31397
33269
18441
7402
5201
33296
44188
44196
44197
18449
243
5539
18451
18454
5543
44206
21712
31421
31093
44210
44215
5547
7565
43710
44219
18464
7572
8727
44225
9675
31435
31436
4557
31438
18475
18476
44232
18477
44234
51243
44236
31442
39364
44238
44240
31448
5566
33616
18492
31455
31459
44252
33654
7365
44254
44255
7366
44259
31473
44262
18511
31475
18513
46074
18517
967
44273
44274
31487
31488
5596
44276
5600
45302
18533
1052
44285
21772
37971
5602
31105
44287
31510
31513
18553
5610
33940
18555
5615
44301
5618
5619
5620
18561
5623
33981
18565
51481
44307
5634
31535
44314
31541
18570
18571
50473
44318
1206
34084
44320
31550
44321
44322
44324
18579
44327
5651
44329
50657
18584
48392
31562
31563
18586
5658
18592
18960
8368
8372
44345
35325
29783
41691
44349
3101
44351
5675
31587
31588
31589
18611
18612
11747
18614
18615
5682
6767
16036
44366
18624
31602
31603
5690
31604
24085
20382
31608
24671
22503
31556
18636
31612
31613
18639
31616
18641
39585
5702
18644
44389
18646
31621
44392
31623
23907
5715
18652
7390
18152
44401
44404
50483
5724
1302
15355
31633
18662
44411
18665
18666
8769
5730
18669
31639
18671
11695
22507
5732
31645
18676
44426
5742
34670
8857
36767
31653
44433
5747
44434
18687
18688
8895
44437
45109
5751
35365
18695
18697
18699
18701
18702
8970
31679
18705
18707
34814
20393
9012
18712
44462
33272
5774
5775
43904
5777
44466
1212
31687
31688
31690
18727
31692
5788
9117
22513
18738
31703
36105
5798
18742
44488
44489
22158
18749
14458
50495
44499
44500
18752
18754
44504
31718
31720
311
5811
31725
5812
18764
35106
5820
34051
31733
31735
9331
27987
5824
33638
5825
31741
20407
18775
5828
44527
44530
35213
31749
5834
5835
18786
3905
5840
7413
18794
31759
35298
44548
44549
31762
31763
18803
9512
42791
18808
27567
13396
37414
39608
31774
11720
18814
9571
5870
10840
24695
44574
5881
31789
44583
5884
18836
35495
31792
31793
35512
31796
44598
5898
18846
44335
4528
31807
31808
50436
32105
9544
5906
33416
1020
31815
31817
31820
18864
31822
35703
5918
26261
5922
18870
11729
44628
3148
18874
31835
35788
18881
18884
39620
10017
22541
39621
31846
24704
10055
44655
7427
5942
19594
5944
5948
18909
44663
5955
18914
18916
35968
31862
18922
31865
5965
10229
18930
44670
18932
5974
18934
31871
31873
5982
31875
18941
18942
18944
1033
36085
31881
31882
5991
31884
18191
44701
48124
5998
5999
31889
31890
6000
44708
44710
44712
44717
31895
44719
18965
6011
18966
18969
18970
31902
31904
10503
18974
31908
44729
44734
44735
44736
10564
18982
31917
44740
18986
18987
31920
44747
18989
18990
20729
31924
6041
6043
31929
6047
13934
10659
44757
6050
14339
44765
6059
37319
19008
31949
6062
19011
44772
6064
19012
44774
19015
31956
44783
6075
6079
44791
19026
31967
44797
19030
36655
31972
19032
31191
36683
42516
36689
44803
44804
31985
20448
6105
10969
6108
44814
31995
19048
31997
6113
36808
36541
32000
9575
32006
6125
19059
32010
44829
36878
37533
11140
19064
29042
19069
6134
44838
32022
29044
44842
6143
6144
37719
44846
32031
6147
44852
44854
44856
19087
44858
6153
33491
11300
11302
10374
32040
33958
30123
21758
37114
32049
19104
19106
6165
9774
44873
6168
19111
19115
6170
44886
32064
37224
7462
44893
37254
37262
44894
6184
6187
44896
44898
49890
44900
44903
19139
32084
13962
22271
11566
46198
6200
6201
32092
44915
44916
11777
44917
19151
44918
32096
19156
32098
48380
19157
32104
7108
9592
19161
19164
44935
32108
32110
19170
26902
32114
19173
26074
11757
13915
19179
32120
44954
24169
19185
6236
6237
44962
46980
6242
6243
19193
3201
19194
11872
6250
19197
6716
37668
19203
6259
6261
22592
19207
32146
6264
11977
32149
7259
19214
11997
11792
46135
18387
44995
19226
37800
39678
45003
45006
32166
19234
45012
37872
12130
32173
45014
19239
5337
19242
19244
32181
32183
6299
37947
6301
6303
37960
4831
32190
39686
18235
45027
5114
19260
43996
19263
12300
45033
45034
50102
12954
6321
45046
45048
32206
45050
5579
19287
19289
19290
9611
2095
32217
38155
19293
32219
6338
45061
19297
12470
6347
38222
45073
12511
19306
45076
7491
45078
6363
6364
45085
32242
33369
32244
32246
6370
32248
12621
32249
16209
38378
6373
6374
6377
6380
19332
45108
32260
21224
45111
38448
18178
19917
38467
32266
6391
32267
32268
32270
19344
19346
32273
6397
32277
12802
6403
6404
13991
6405
22622
32286
45124
38560
45131
18265
19360
38598
38601
37000
6418
32297
19365
6427
6432
12946
32305
32307
32310
6444
38027
19376
6448
45154
13017
19380
16948
6453
6454
32323
6455
6457
45162
20480
9836
32331
6463
32333
19395
32336
44020
6470
45175
45176
19402
45177
32342
13164
45180
45181
32348
6481
13221
32356
38941
19414
6488
19416
6491
32359
6121
32362
46237
18276
19423
32367
6497
45193
41829
32373
45194
19431
45198
32379
13361
13366
25525
6504
6506
45210
45211
6509
6510
45214
13417
45217
13442
45219
32398
6518
19460
45228
45230
32400
45232
6528
19469
46244
32406
19477
45244
6535
45246
6537
6541
19483
19485
50156
19490
32414
45259
6548
6552
32421
19504
6565
32429
19505
19506
19507
45275
45276
45277
19509
32437
19510
32440
6577
39472
32444
32445
13798
19520
45291
13842
6586
19384
45299
13852
32458
45304
32460
32462
1139
32463
35468
32465
6600
6602
19551
45315
29121
32475
6609
13984
6610
39702
39713
45320
45321
32480
32484
5388
6624
6625
19583
45335
32496
19589
45338
39828
32500
6636
45342
45345
19595
32505
6641
6644
19600
19602
6648
32514
6653
5394
39932
19607
3268
42153
19609
32521
32523
32525
19612
6663
17605
45366
6666
32529
5395
45371
6678
19626
19627
6682
20532
45377
32541
45380
32542
6688
12618
33420
6694
30587
32557
45393
14502
50501
44913
40208
32562
19662
6703
45401
48461
33423
6708
32572
6714
6717
19672
32575
32576
14610
19675
45411
32580
6725
32583
45422
45423
14691
19689
40386
45427
19692
4463
45430
19694
19701
33430
45438
45439
9312
19709
47615
6746
32615
19714
19716
6752
31297
19726
37635
32627
46197
45452
6766
19729
32635
27599
6770
25852
45456
14949
45459
15226
19737
32644
6777
45464
6778
32646
45466
41868
6781
45468
32649
15029
6783
19745
32654
19747
6787
16265
45479
45480
32657
6791
45482
32658
45483
19758
45486
19761
19762
6801
19765
45490
32666
37645
45496
12110
45499
19771
6813
32677
19777
45508
6819
32679
19780
6822
40924
45512
6823
45513
19783
6826
20566
32686
6828
45518
6830
32691
6833
46838
32692
45524
6836
47380
25258
19791
19228
45529
45531
19798
44083
15416
6844
39781
6847
45544
6850
19804
19805
19806
15461
45550
19811
32726
10597
49980
32729
19817
32733
19819
6861
41174
19825
45561
32744
45563
19831
11901
28268
19836
6879
6882
32754
32756
6886
19847
45572
6889
45576
19854
2824
6892
6893
44429
45580
32768
15726
41373
32771
32773
19868
32776
33455
32778
32779
27786
6904
32783
4353
21410
45600
6912
15837
26127
19885
6917
28501
39794
19893
19894
6924
41541
6928
19899
6931
19903
6934
32809
6940
19911
15963
32815
6945
15999
32817
32818
6951
6953
32823
45637
45640
45641
16057
6960
6963
48505
45646
32837
28639
16133
45658
45659
6974
45662
16165
45664
19279
6978
32848
16188
32851
16197
45672
19943
19944
6987
32857
28952
45679
19951
6990
45680
19954
45684
35527
32864
31945
6073
48513
43618
41956
45691
19968
32869
32871
16325
7002
45696
19972
41999
7004
42015
32877
32878
7008
7009
16402
32886
32888
14098
36507
19990
7015
45715
7017
19994
16467
7769
32895
7027
30253
32897
20003
45726
32902
32903
26372
7039
7040
7041
13895
32912
38814
7047
20023
45738
7050
32921
45740
32924
32925
7055
49494
32929
41129
36517
7062
51360
45752
45754
42359
32937
7068
32740
32942
47627
7074
32948
20047
11396
38381
32955
20052
45772
20056
45776
45777
32965
17895
7596
38212
20067
7092
7093
32971
45791
45792
32975
7099
7100
32981
45795
7104
22737
45801
32988
8033
7112
20089
38196
45805
20091
45807
32998
35550
45812
10873
20098
45818
33003
20104
7132
45828
45829
42812
33010
42828
3345
33012
7142
33016
45841
7146
33021
7150
42906
12505
45850
45852
45853
20132
33033
20133
8219
33035
19940
20139
33039
43006
45862
25310
45864
33042
33043
45870
33047
45872
7175
7176
7177
5486
25220
20161
45882
45883
45884
33061
20166
20167
21789
45890
50125
33068
20171
7192
17532
45896
20174
7198
33073
45902
20177
17580
33081
41936
33083
36527
7215
45913
4861
45918
20197
7223
33098
33099
20199
20200
20203
17702
20204
33104
33108
45933
7231
45936
8863
20212
20213
17782
45945
7245
7247
7249
7251
33122
33123
33125
43545
20222
20225
45957
7261
20228
3361
20229
45959
33136
33137
33140
36297
33142
7275
5013
7277
7278
33146
45968
45969
33148
45972
9806
33151
20255
7286
45977
7287
20265
33161
20267
45987
20271
7295
45989
533
33169
14145
7299
7300
33175
18094
33179
7306
33183
33185
46003
33189
46007
18153
7317
7322
33195
7326
46015
20311
7332
20314
33203
5513
46023
7337
46026
7338
20321
18293
39854
33214
33215
46038
7345
9121
20330
46042
18365
46045
7351
46049
33226
18416
35591
18435
7358
29237
33233
33235
20348
7364
46070
46071
33238
20360
7368
33241
33242
33246
20368
46084
20644
50742
33252
20374
7385
46098
7386
46101
18628
7388
1262
20384
33261
46104
26197
20387
33264
20388
46109
46110
44425
7395
46113
20392
35223
7400
18713
33274
20396
7403
7405
46123
44498
7407
20403
18758
20405
31401
33284
20415
7419
20421
46139
18860
46143
46145
33302
46149
33308
7434
7438
33316
7440
18977
33319
7445
5985
46165
46168
46170
33328
46173
20866
7451
46178
29256
19049
20451
46182
20454
21271
33336
20460
19125
7465
7466
7470
7472
7474
20470
46205
20475
7477
7478
7480
7484
46211
7485
46212
20486
33362
33364
7489
33367
20492
20493
20494
20499
24961
46227
46715
7507
46232
49183
37416
33383
7513
7516
7517
33387
29290
33391
33392
33393
46242
7523
7524
19484
32538
33400
3403
45283
7530
46254
19528
20522
1290
33406
7534
19559
46259
46260
19591
7541
33417
46267
7544
7547
46271
46272
20539
20540
46274
7550
33425
20543
7552
31246
7771
20551
20552
20554
7560
20555
46288
20564
33439
33441
33442
7567
22810
20569
33444
46297
7569
20572
20575
33453
20580
33456
7576
19890
19895
49747
19932
19957
20799
35638
20598
46332
46334
7589
46338
46341
33480
7593
16364
46347
35641
46350
7597
46353
46355
7601
7602
45832
995
20615
33494
46363
7612
46366
20620
33502
33503
24731
33506
7620
46375
7628
46378
33514
49031
14200
45978
46383
45988
33520
7639
13044
7642
33524
33525
33527
20634
20637
27138
33530
33532
20642
8160
20646
32992
20647
20650
21550
46401
46402
46137
9652
20657
7659
7661
46410
33550
46414
3425
46416
33558
20678
12043
46277
7670
33560
20553
33563
20684
46427
7693
46360
33571
20619
33574
33576
7683
7684
46438
33578
20656
33579
20705
46441
7694
33584
20709
7698
40776
7700
20714
33590
22838
20716
33592
11736
33593
46456
44961
20803
7712
7714
46461
46462
7715
46466
46576
7720
35215
7722
7723
7725
7727
7728
46637
33613
7729
46479
46453
20747
46717
20715
46484
46486
33629
33632
20757
46492
20760
46493
20763
46495
12060
7755
20767
20772
46508
46844
33645
33647
20779
7765
46867
20784
46888
43117
20786
33655
7776
20791
7778
7780
46529
21189
46965
46531
32909
21214
20796
46538
46539
33670
7792
33677
29316
46548
20808
20809
7799
46551
7800
7801
46552
46554
33689
21358
46557
20817
20818
6779
46560
20821
29320
33700
33599
29646
33703
41653
7816
46567
20827
20831
33709
46570
33712
33713
46575
33714
22852
20842
47258
33718
20847
7833
20850
46583
20852
42065
21573
7841
46593
47330
20858
46596
16409
20860
1343
20864
33738
47396
20869
7855
46612
26394
46613
46614
33749
7860
7862
20885
21751
23967
33610
7868
29335
33759
33761
33766
46635
33767
20896
33769
47598
7879
46641
21839
47609
46646
20905
21860
7885
46649
7890
20911
33784
46652
7893
7894
20915
33786
7899
7900
46658
18524
46660
25496
35109
33791
33792
46664
33793
31590
21969
33796
7905
20930
46669
39955
7906
46671
20934
7908
39956
20943
7912
7917
22103
20955
7923
1714
20959
7926
50850
33830
46702
7932
20962
7934
7936
7937
35704
46710
22878
33838
33839
46716
33842
46721
3639
33848
2050
48110
33851
33852
25041
20984
33857
7741
20985
7964
33861
7967
46740
22405
7970
20993
7972
7973
3476
20995
7976
7977
37835
46749
46750
21002
33872
33873
7984
46752
46753
46754
46755
26211
46758
7992
17441
46761
7997
33890
33891
33893
8003
8006
33897
8007
22589
21020
42093
42659
21024
2625
46774
25049
41323
8017
21031
46780
4460
46782
43979
8029
33909
48508
22715
8035
8036
29636
33912
33914
48540
8040
46500
46804
8043
8047
46809
22787
10948
42681
21052
8049
8050
21061
21064
8060
33932
33933
8066
46821
21070
21071
33935
6307
21073
21074
48707
22892
48724
47745
46831
21084
21085
21086
46835
46837
8078
8079
36721
38074
33957
21103
18559
46849
8094
23061
33962
8096
46853
8098
37285
33968
46856
29699
46860
33971
46862
23114
21114
46863
46864
33973
46869
21118
23150
48973
33976
21121
33979
21124
33980
33832
33982
21126
33649
33986
8127
23824
48715
46889
33990
12244
16455
8143
23284
46896
46898
33997
46899
46903
21147
15894
21149
21150
22851
13372
21152
21154
7774
43032
8158
46918
34013
23433
46929
46930
46931
34021
34022
21166
8172
21170
8177
34026
21174
34029
34031
8179
46945
12129
49336
34036
8183
21180
29388
8186
8188
46955
46956
46957
49371
8191
23698
46960
8195
34047
34050
21198
23629
8202
36551
34064
34697
21213
8215
7784
49505
34067
39503
21218
46984
46985
34073
34074
1403
8225
46988
18575
46991
34081
31547
34087
23852
23854
2543
21245
49679
23880
31357
8245
49713
34097
47008
34100
21259
34101
19044
21261
21263
8256
21266
49792
21267
21269
47018
31553
44680
47022
21275
24113
40531
34128
21291
21292
34130
34132
34135
34137
8291
47045
5652
47047
34146
40295
34148
34151
8303
21313
8304
47055
34154
8306
21319
34157
5627
47062
8313
8315
47066
34167
31426
8322
34069
47072
8326
8330
34170
47079
47080
24394
21331
47082
8331
50227
42136
21339
47089
21342
34183
47094
8353
40027
8355
47099
8361
20026
47104
34196
7805
21359
35766
34198
21362
47107
8374
34204
50431
34206
21373
50472
24672
34215
21378
47124
8390
34218
24701
21383
21384
8391
47130
34221
34223
34224
50548
7810
47132
34229
1970
21395
28036
34233
24785
48758
34237
34239
44370
47144
34242
47147
21409
1427
21413
34248
8416
21415
50707
47158
47159
21420
24937
46068
8422
34259
8424
8426
47166
21428
47167
34268
47169
8432
34272
8435
34274
34275
8438
8439
8440
47178
8441
34282
34283
47181
47182
47183
21441
34287
34288
34289
22946
34292
34293
18609
23512
50954
22947
34303
44358
21457
34307
8465
34310
8468
5189
34315
8471
51047
34320
47214
21468
25173
27280
34324
47218
40484
47223
25297
8483
34330
34331
34333
47228
34334
8486
47231
51183
8495
8497
25400
51214
51219
5680
16516
16258
34351
51232
47248
34354
21500
8505
21502
8507
34357
51267
22956
47257
8513
47259
34367
47263
8518
34368
21519
51368
25573
34381
34382
34383
47280
8534
21533
51458
51464
25660
31606
42609
47293
48791
21542
47295
8546
47298
8550
34403
17693
21555
21557
21558
21562
47315
25840
37934
21572
34417
34418
47322
21576
47323
47324
25909
37019
8577
5023
47328
25939
8586
47335
25983
47337
47338
21588
8598
8599
34433
34434
21593
8604
49608
21598
8613
21600
34446
34447
27715
21602
42942
47359
21605
8624
26153
26165
542
320
21620
47374
8635
47376
46603
34462
8641
47385
25806
417
26286
42565
47398
8652
27302
43628
47405
10006
18649
21652
21653
20870
34486
34490
47414
47416
47419
26653
34500
47423
21680
34508
47430
8686
47437
34518
34520
35483
3584
47444
21698
21699
34527
12818
21703
26612
8706
8709
34536
47454
8713
8715
47461
8720
8721
26694
47463
8723
34546
15021
894
47466
47467
11858
8729
34556
12218
960
26788
8743
21734
43336
34568
47494
8757
21740
8760
8761
753
1065
21745
8765
11194
21750
21752
47511
8773
26950
47515
8776
34451
8780
21762
21763
34591
47526
34593
34594
21768
47534
10411
21775
38473
47540
8798
47542
34605
1260
34606
27102
34607
34609
1309
47552
34614
21786
34615
8810
47555
47557
47558
8815
21792
47562
27199
8818
8820
21795
21796
8823
8824
34632
5738
1435
34638
42224
8835
47579
21138
8838
8839
47635
21817
31665
34658
34659
34662
27314
31149
8849
34453
34668
21827
21828
5743
16570
47596
23094
20902
8858
8859
27486
47604
21834
8866
21841
8868
8869
8870
27561
34689
47614
34690
8875
21854
34693
34695
1762
47626
7883
34699
47628
21864
47632
34702
34703
1632
47636
1836
21873
27700
21877
8903
8904
1503
34716
8908
1906
21883
34721
8912
8913
21886
1929
34725
21888
34728
21890
37982
8921
34636
14416
34732
27835
8924
27852
47677
21901
4348
47680
27888
21905
47684
21908
47686
34745
8485
8937
21916
8939
2066
21917
2080
8943
3868
2107
21922
34755
8950
34757
47707
21927
21928
5341
23987
8960
47713
34765
21931
8969
8973
8974
11958
8978
24028
34776
47730
8981
34780
47734
8983
28214
34784
21950
8989
47742
8992
34791
34792
34793
2414
34801
8999
28321
47760
40121
9002
47762
28356
34815
31677
21966
47769
34820
9015
2505
44461
47774
34825
9020
21979
34832
9025
9026
17734
31015
9028
20036
9029
2577
2582
2592
40022
34844
40128
28510
47792
12263
34850
42255
34851
31683
21997
21998
28568
48871
9046
34861
2714
22008
21282
47816
2756
22015
46673
12267
9064
8694
34873
27372
42258
47829
9072
9073
28764
2895
34889
22036
5782
2917
9082
9083
28808
9085
34899
28837
22046
16448
4804
34903
22049
42503
34905
9101
22057
33600
34910
12274
34913
22066
22068
22069
9106
9107
22075
34918
34919
34920
22078
47878
9111
22081
34926
47882
31693
29029
34932
21443
40145
47891
9119
9120
27771
9129
47904
34942
22102
34944
22106
34945
9137
22107
34949
9138
22110
34954
22111
10658
10091
9142
23125
22113
22114
47922
42889
9152
34965
22120
22121
34967
34968
47931
22125
34970
9159
9161
47939
22129
34973
15636
22134
47946
34976
22136
22137
47952
30278
9171
9172
5800
47964
46697
29466
22148
34988
9180
47971
1554
16622
47981
31930
3647
29583
35007
22169
41733
22171
3697
47989
22175
10863
48893
9202
35015
3738
35016
47995
47997
22182
51045
40162
35023
35024
29565
3804
27176
3810
48009
9215
35030
46709
9218
48011
9222
48013
35037
9229
9230
48016
8892
12432
48019
35047
48022
9234
34251
9238
29838
13762
22216
48030
9242
48032
14469
46714
22224
3985
35062
48043
48044
29933
35068
48050
35071
9259
9260
48055
9262
9265
12120
43772
22249
22253
22255
870
6545
9275
9277
22264
48074
48077
35102
48080
9286
48082
35104
44513
48085
48086
48087
9288
9291
9294
22286
35115
48097
48098
38906
22291
4394
9306
35128
22298
13776
9311
35132
35133
35134
35136
48111
9314
23083
44507
22306
48114
35141
48116
22310
48117
34742
48118
35146
9327
4535
35148
48119
48121
22319
22320
22321
9334
35153
4574
22327
50410
4613
22330
35157
35913
48133
35161
9344
22337
25371
48142
9348
3690
48144
35172
9353
30613
48148
35176
42160
14625
4761
27425
48157
4811
22365
42312
35193
4874
35197
35199
22374
48170
33862
35204
9381
18962
22387
9386
48183
9387
27831
35217
22399
48188
40198
48189
5024
35227
35228
9397
9400
22409
24624
5087
48197
9409
48199
9411
30991
16725
4237
48206
45516
9417
35242
22423
9419
22426
9421
48213
22429
35251
39753
5207
28154
9430
22438
35258
9434
9436
31168
35263
48229
22446
48232
22448
36194
35271
48235
31237
9447
48240
9451
50802
35282
27446
22460
35286
35288
22464
9462
22465
31340
35292
35293
48256
9467
35297
48259
9470
24730
48262
9472
48263
43419
13204
9475
35303
31413
22478
48271
48272
35310
48273
9486
22483
35315
9489
48279
22485
22486
48281
22488
46756
22490
22491
48286
9499
31571
9504
9505
31585
14519
48297
35330
22505
46797
35334
35335
35336
48304
21197
35174
5764
40101
23292
35342
48311
35343
47189
9528
9529
31708
22516
5809
35346
22519
22521
35347
22523
31746
22526
22527
35349
22528
9538
9539
48328
9542
35359
9543
48334
22535
31818
27461
48337
48338
48342
35368
5963
9558
22547
22550
35375
48354
31251
36770
48355
38099
13229
35383
48361
22561
48363
22562
14526
35387
9572
35389
35442
35390
6135
9578
22571
9581
35394
6157
48373
9584
22575
48376
9591
35404
9593
22582
9595
35406
22587
35411
9600
48389
22595
22597
9605
22600
35418
9610
22607
48398
22610
9614
22617
9232
32258
48410
42794
8408
5123
46234
22627
35964
22632
22633
44578
48427
22636
48431
36140
35453
48435
9643
17285
32418
9648
18829
35461
35462
35463
48442
9655
9656
22647
9658
48444
35473
9666
48964
6652
29657
35482
48453
48454
44584
22666
6706
48463
35486
22669
48467
48468
9683
35489
48470
6761
35492
48473
22677
35494
5889
48474
1642
22683
48480
35506
35508
35510
35511
6896
22700
22702
22705
35518
6938
35520
29664
48503
22711
9716
32835
35526
22713
32861
48512
35528
35529
35530
9726
22721
48519
34958
44165
35533
9733
9734
35535
35536
22727
48524
35538
48526
22734
14558
48533
22739
35549
22740
48536
22742
9750
37396
48542
22746
22747
48543
33052
9759
22751
22752
22753
48551
22754
22755
9761
48555
29673
45262
9765
35573
35574
35575
22760
9770
28007
22765
35583
9779
22768
9780
48982
48571
9461
7327
22773
48572
48575
37016
9794
9795
48586
31810
12238
35604
33923
35608
22790
48593
9814
22792
42399
9819
48598
9821
48601
22803
32224
48603
22807
35628
35631
48611
35634
48615
7586
48616
22819
9838
16745
22821
22822
22823
12408
48622
35643
35645
35646
43075
26052
48627
9847
9848
22835
35654
3775
22837
35658
22841
48642
48644
22845
44031
48648
22848
9860
35674
48657
22849
48658
22850
35678
35681
35682
35683
22854
7837
9871
9873
9875
22861
48670
35690
35694
22871
22873
48680
29375
35702
9884
48683
3955
22879
35711
9193
8069
25353
9896
9897
42505
48695
9898
22889
36007
42421
48701
9902
12427
9909
48710
35737
35738
9915
9920
22907
9923
35741
22910
29339
34046
22914
1684
4501
48727
9936
48731
9940
22923
8272
35755
22927
35756
22929
35759
9948
22935
9951
8370
9953
9954
35772
48766
33946
34651
35783
9974
48775
22952
34347
34350
35794
9982
34369
22958
22961
22963
42434
22968
34129
9998
48802
22975
35807
35808
14601
34478
22980
10008
3792
10013
34523
48819
10881
22990
22991
22993
48826
48827
10021
48831
35824
48834
10024
34610
26713
10029
48838
35832
10032
23007
48843
23011
35836
35837
10038
10044
8917
35850
35851
48855
48856
8975
48862
48863
35859
10058
23034
23035
10062
9023
48867
34841
23038
48869
10071
23039
34860
35868
23042
23043
10076
48875
23046
10079
46847
30675
35874
12451
48882
35877
10092
11049
23055
23056
48888
35882
10097
34512
9188
35002
35004
23065
1712
10107
10110
35070
42725
7704
23079
9279
9282
48906
407
39132
35909
48914
48915
10128
10129
23090
35916
9368
10133
48921
47861
14615
48927
23098
35927
39573
21111
48936
23105
23106
10151
3816
35312
35938
10162
23116
23117
9527
48946
23120
35948
33972
35362
9554
35953
35954
35957
35961
48954
10183
10184
23140
48960
35445
23145
23146
35970
48966
48968
33975
18919
35977
35513
40322
35979
23156
35984
35562
48980
19038
23162
17630
9792
35995
23166
10213
48987
10215
48988
10219
9837
35999
37201
10227
5966
23174
9870
51221
36003
35693
23180
2803
23183
23184
16804
36009
36016
36019
49014
10250
36021
41845
36023
23201
49022
35844
10255
36028
10057
35862
10259
49028
29743
10264
23211
23212
36038
23213
23214
43008
5979
10273
36043
45991
10279
35973
21132
23226
25305
23228
23229
23230
23232
23234
36053
23237
10296
10297
10289
23241
36060
10325
10328
23243
49065
36067
23249
36068
10308
36070
36071
23253
36072
23256
18383
10320
10322
10459
49092
36251
36260
49099
4969
16803
10329
36093
10521
36095
10526
49107
10552
18984
49110
49112
10338
49117
49118
36351
49124
23286
49126
36390
10348
49130
36117
10352
10662
10357
23300
36121
36123
10361
10715
36126
10729
11887
42770
10368
10370
10756
23314
36134
10775
23316
49148
17489
10379
49151
9801
10383
49157
49158
23328
23332
23333
29764
46648
36637
36151
36155
49170
49173
10940
36712
23350
36164
49178
36165
23352
36167
46910
23359
49187
23360
23361
10412
23364
23365
49189
23366
14235
10423
23371
10425
10426
23373
36192
10428
23378
23379
23380
10430
49198
36199
10433
36204
50361
23388
36205
49203
23390
49209
36210
49210
10444
11247
10448
10449
23396
6009
16655
49215
10455
23400
23401
38729
23404
2817
37089
23406
23408
10463
23410
23415
23418
10474
23423
11402
11407
49237
44724
23431
36247
36248
10482
10483
44725
49244
49245
10486
10487
49247
36257
36258
37263
19846
36261
49254
49255
10497
36264
36267
10501
23273
49265
36270
11544
11552
23444
36275
36278
36279
23449
49273
49274
36281
10514
10516
36282
23456
36285
23457
30103
23461
17265
10530
23467
23470
10535
51522
19152
49298
37506
37530
21173
23482
21226
49306
23487
36307
3887
13775
23495
23496
23497
10551
36314
10115
36321
10562
14700
29797
49322
49323
11980
10566
49325
10569
31918
23514
44360
23517
49335
37775
36339
9332
46949
10580
49342
49343
23524
10584
8996
10587
24302
23527
10588
23528
10590
44745
12133
36353
37896
5217
17981
36356
36360
49359
51487
44748
36362
36363
12204
49364
23552
36371
14925
46958
49374
36375
10614
23561
50901
2183
1791
12304
10621
36384
23573
10624
36389
49390
36397
49393
49395
36402
3897
49397
38167
10639
23590
10643
23592
10645
12501
49412
49413
25699
23602
23604
23606
12584
10664
12601
36429
10668
49429
23616
49433
23618
43300
23621
38392
49436
10678
49439
38434
10685
36447
23264
49444
23640
49137
5852
36454
49445
352
49447
49448
10695
10696
49449
36466
49452
23652
42555
49454
49455
38558
23656
23659
49463
36473
36474
10714
23666
36478
36479
10722
12933
49475
10730
49477
12961
23675
6949
36495
49482
19007
36498
49487
8213
26723
36500
23681
23684
10744
16260
23687
49496
23690
49499
10750
8217
10752
25512
36519
36520
10758
10759
10761
10762
10764
49516
23706
18343
36528
49518
23709
36531
38934
39574
38947
10774
10776
49528
13257
8220
23720
10783
13323
10786
49149
39045
23735
36559
39066
49548
36560
49550
49551
10793
23745
10795
39107
13423
23752
23754
49561
10802
36572
36573
49567
10806
13489
49572
7931
13504
17372
23770
10816
36583
23772
23773
49580
36591
6202
10831
10832
49592
23793
49594
49595
36599
49597
49599
718
10838
23804
23807
39599
23812
36610
36611
10848
49615
25522
23816
20672
49618
30896
46976
13744
23821
23823
36619
39470
10859
10860
49626
23828
49628
21238
23834
39521
49635
10867
36632
49638
9359
51327
37473
23842
36638
39612
49653
49654
36646
23857
36648
10887
23859
13963
23864
10894
36656
49666
23867
10896
23868
10394
23872
14041
49677
23876
36666
10907
14067
8107
44022
23884
39800
10910
23888
49688
36678
36679
10921
23896
30739
10926
36684
35281
49701
21251
36691
39925
49706
36693
49708
49709
49711
10933
23921
49717
10944
49721
36705
10947
36710
23928
23929
10403
36714
10954
49728
49730
49731
23939
36723
10963
40082
49734
36732
10964
49738
11420
49740
49742
41434
2334
10975
23956
23957
36743
36744
23962
23963
10981
10982
10983
49765
36757
29865
49771
27706
23976
49773
36764
34108
36765
14593
23981
23982
49778
49780
11000
36772
23985
11004
11006
49785
14688
1854
11010
31844
23995
11014
14726
24001
24002
1464
49802
24009
24010
11029
41010
36802
24015
36805
49810
36806
11035
29869
49815
11041
19500
14788
11043
31903
24026
36813
36818
42602
49829
24032
24033
49831
11055
49833
49835
49836
11059
43554
49841
11061
49843
49844
49845
24046
49849
11069
49851
49854
49856
6122
14947
36845
49859
49860
36847
24058
24059
14987
49867
24062
24064
11085
27725
36856
11088
36859
24070
36860
11091
11092
3964
13098
15161
36866
36870
11108
49884
3967
11112
32011
15244
36880
11116
24090
11118
26683
24093
11122
24096
36890
49902
36893
23377
11134
41012
24112
24116
15541
15414
36909
24119
11151
41082
36914
36915
24129
36917
24130
12623
36920
49926
15477
49931
47034
49935
11164
15514
36931
49938
24145
49941
24146
49944
24148
11178
24152
17377
49950
11184
24158
36948
24161
11190
24164
49961
27740
44294
10435
49964
49965
24167
11197
11199
36961
15714
24173
49977
24177
31561
38604
24181
36970
36975
15802
15805
49994
24270
37912
49998
49999
11223
50001
11225
36990
36991
24203
31119
11229
43813
19079
24205
36997
36998
51388
11240
36999
50016
41619
19082
37005
24216
50020
50021
10446
50024
11249
11250
24222
41689
16045
11258
50034
11434
37022
46458
37030
24233
50044
11268
50046
11270
50048
37038
11271
50051
11273
12644
50052
24249
50056
24250
50062
424
38380
50064
16226
37054
37055
50068
37057
24259
32038
37059
37060
24264
24265
50073
7075
24268
11308
24269
11311
50079
18959
24272
11315
50081
11319
37069
11320
42017
11322
50088
24279
11324
37072
11326
11331
42088
40496
50097
37080
42102
11338
37083
11342
24295
51385
50101
16477
24298
36959
24300
24301
14830
24304
42166
42168
11348
16528
24310
24311
11351
37098
13921
39225
36234
11353
11354
37104
24321
37110
11363
11365
42285
11367
24327
42311
24331
51410
11372
24334
37120
24336
11374
32051
50139
13683
11377
50143
24345
37135
37137
50147
50148
37142
37143
48001
24351
24353
50153
37147
37149
24359
11389
11390
50163
50165
24367
50166
51562
42317
50169
24370
11398
11399
4490
50171
42583
37162
11404
24379
11405
50176
50178
16966
38399
50181
24388
37170
50183
50190
11416
11417
50192
11419
37182
11424
9408
50197
50198
37184
37187
24400
17008
50204
11431
11433
24406
24409
24410
11438
50211
37199
37200
48609
43187
11443
24414
24415
23432
37205
17172
11446
24424
50222
11449
24426
37208
11451
37210
50230
24431
11455
37214
50236
6172
37249
37218
37219
24435
10485
5277
17252
24438
42660
50244
11467
6711
37232
11208
37234
10858
11474
11476
37239
11478
37242
37244
50265
37246
11482
10489
24461
11484
11485
50276
24468
17453
17459
11491
43147
7260
50282
47196
17488
25633
37271
37273
37274
50296
37276
17556
50297
11510
50300
50303
20973
50305
37290
50311
37291
11520
24496
37295
14634
37296
17031
27789
11528
43403
24507
37309
50325
11534
11535
43461
50331
24517
11540
50333
37321
4032
50340
24526
24527
50346
37330
37331
24535
11557
11558
17889
37337
11562
37338
19144
11564
17925
37344
1946
24547
17949
11578
50368
43722
11582
11585
11586
22344
50378
32090
10513
459
37366
11590
11593
11598
6203
11599
24577
49275
11601
50397
50401
43901
37386
37387
37388
11612
43943
24594
28234
24596
24598
38301
50417
50418
11621
11625
11628
50424
44051
50426
37410
37411
21367
45676
11636
11637
24625
24626
24627
24628
11646
18391
11649
50434
15225
24635
50437
50438
24639
50441
4056
11658
11660
50444
44223
30150
50448
47525
24646
24648
11668
24649
11669
11671
8189
11677
11678
24656
50468
50470
37446
24661
40563
37450
11685
11686
44362
24668
24669
50479
11689
21177
46448
24676
37461
50484
50485
37464
11697
50488
50491
11703
37472
44937
37478
44512
37480
24688
19603
33865
11305
11718
50505
18819
50508
50509
50510
50511
24698
24699
50516
37493
11727
45577
37496
37497
37498
44640
37501
24705
38453
11735
10538
37505
11740
11741
4520
18939
11743
50530
37512
4070
37518
11753
24724
24725
24726
24727
50536
50537
37524
19022
50538
24732
24734
11760
24739
11762
24740
26016
50544
11770
2840
50553
37538
11774
49304
11776
24752
19180
50559
962
11778
37546
50562
11784
37550
50566
24763
11794
44996
12738
50571
11798
36306
11799
37559
50574
29985
11804
11805
11806
40581
50580
45063
24774
50583
35603
19330
19334
2918
24779
11822
12986
21397
47139
24786
50599
19418
24788
37591
45225
37595
37597
34156
45247
37600
24799
24800
11838
50611
19522
11843
11845
37608
32132
11852
50623
11856
16594
37620
11859
24821
50632
37624
50635
6247
50636
49312
11871
50644
11874
45445
20602
50647
50648
1494
11879
11880
50654
29643
11883
24845
24846
37648
50659
11890
45543
50664
32412
38064
34243
50670
19835
11902
11903
11904
11905
24858
11916
44390
24864
24865
24866
24867
11923
50683
37673
14919
50690
11932
14920
11934
24884
11936
41321
11939
11940
24890
20079
37690
24892
37693
50702
45825
20108
37695
24896
11949
24897
11950
21416
45856
11953
11954
11955
38019
45863
50712
50713
24906
45881
50716
24909
45908
50718
24911
20201
14927
11973
37708
37709
11976
20230
11982
5548
28817
50729
10567
50731
11990
50736
37730
50738
46072
37733
11998
50745
46122
44506
37736
50749
50750
46138
14629
50753
24952
14737
50760
24171
37746
50763
20474
24959
20496
12012
12013
24967
12017
24974
37763
12022
34264
34675
20595
24979
46382
20633
37952
37774
12038
46408
37778
12042
46417
50803
37783
12047
12048
12049
30153
50810
25003
50812
42751
31724
25007
25008
50815
38500
50817
46512
50819
27467
15280
37802
37803
46543
37806
12068
50823
25018
37813
37814
23523
50829
25023
50830
25025
50833
50834
50836
50839
37819
37820
37821
20920
25034
12088
37827
12090
37828
37830
25040
12094
46734
37833
43153
46739
37834
23526
46757
37839
50866
12102
17123
25053
37850
17126
21100
21101
50874
37859
50877
23530
50879
21638
25071
25072
50885
50563
25082
25083
50896
25086
38510
50897
25090
50898
12143
37892
25091
5678
17662
39166
32176
13598
50905
50906
12156
47120
25107
37906
50916
37908
25113
25115
25117
50920
50921
37917
25128
50924
29034
50926
50927
25125
10601
23393
45174
37928
27662
12189
37932
12191
12192
12194
12198
37939
25146
25148
37945
30043
25153
19247
50959
12211
42234
37951
37953
37955
37956
12226
37961
25167
40377
19252
29693
37965
21803
25176
37972
25178
37973
25180
30862
21847
47245
37978
12246
14975
3538
50999
37984
47715
37991
42721
36811
37994
51010
21963
25212
12262
17152
25215
38004
51019
51020
25218
22034
22050
38009
51026
38010
38011
22087
51030
47206
47910
12283
51033
23563
47938
38021
51038
47958
38026
25234
42247
25235
25237
51044
38034
25239
48015
51048
42792
12303
38042
51056
38045
25249
12309
12311
30477
22281
12315
38051
12318
12319
51065
51067
38057
25261
12323
22351
12327
43410
12330
32671
25767
42800
38071
38072
25277
38073
12336
27935
25283
38078
25284
12343
17167
51088
51090
51091
26105
38087
12349
12351
22529
22531
12357
51103
51105
38104
28886
12363
25306
25309
12369
12370
38110
32209
38113
38114
25318
12381
38120
51120
22679
8484
12382
25322
25323
25324
23397
25325
38128
51130
25329
12391
12393
38135
12396
51143
12404
12405
25341
27944
25343
51585
12407
38142
22825
12409
38144
38146
29303
12422
12424
25355
48705
51172
48728
25361
25362
48737
51178
25366
12434
51182
26823
51185
25373
12438
38170
23001
25378
25380
25382
12447
38173
23040
51193
51194
51197
25390
38180
38182
12456
23091
51209
25398
51211
38189
12462
12465
51218
2381
38202
12471
38205
38208
49030
26244
12483
12486
25421
51231
25423
25424
12489
12490
46273
12492
31546
12496
25434
51240
51241
51242
51244
1726
38227
12504
51247
49156
25441
38232
51251
43950
25453
25454
51257
25457
38241
25460
12522
25465
38247
25469
51264
23466
51265
51266
23491
12530
38257
38258
51268
14797
12851
51272
49346
38263
12543
12545
38268
4198
25486
25996
25487
12550
12551
12553
25494
38275
51292
12558
23639
51293
49451
51296
10656
51298
25502
49507
51306
25516
25811
51309
38293
51312
38295
51313
25517
47265
25518
38298
51317
51319
38302
12585
38305
38306
4207
25526
12587
45084
38309
25529
38312
12591
12592
51333
12593
51336
23906
51344
12599
40690
12602
25547
49760
12603
7064
19318
51353
12607
38330
47215
12861
38332
38336
12615
51364
49866
38597
38338
25568
51369
51371
49895
51373
51374
17206
49906
2102
25578
12624
15038
49957
38357
38363
25587
38365
12635
24208
17553
21302
38373
45096
38377
51391
24251
12647
19033
32926
51395
40701
12649
25597
12653
24320
12660
25603
12663
25608
25613
38397
39684
12669
47281
25618
12672
25623
50232
29566
51428
25628
51430
12679
24467
51432
23692
38418
38422
12690
25636
51439
51440
38425
38426
25639
12695
25641
51444
51447
25644
38428
12703
12707
12708
38432
51456
32261
51457
24623
12715
25656
51466
17219
38444
12724
51469
19336
38449
25659
51476
38455
51477
51478
38458
38460
37128
51482
12735
25669
25670
38466
17221
38469
25676
25677
38472
24180
10688
38477
51496
51497
38478
25684
12750
12752
12755
38483
38485
12759
51507
12761
12763
25695
12765
8399
12767
38494
25701
12772
50754
38617
25705
25706
25481
12779
12782
17098
51524
38499
25717
10694
51527
25718
50853
51532
25725
50881
51538
51541
25093
25103
51544
51546
12801
38517
51549
25738
51552
38523
38524
25747
25187
32281
38531
38532
12810
12812
38536
38537
38538
51566
38544
51573
48760
38549
38550
12820
38551
25773
12825
51582
38561
25779
12829
25784
51592
12836
38567
25785
25786
25787
12839
25789
51597
51601
17676
25437
25798
38580
51605
2201
25802
51608
12854
51611
38585
51303
38587
51615
51617
25858
38590
12857
51620
51621
3380
51350
42895
38596
51623
25821
51625
38600
12864
12867
12868
51399
12870
25825
51632
25826
25829
10313
51636
51637
38608
25833
25835
25836
12877
38611
12879
32294
34188
38615
25842
51513
33166
51646
38621
51650
12379
38624
25851
26457
38628
38629
12902
25859
38631
12904
26846
25862
12909
2684
12911
19730
25869
